ranges, stamp, 
-3.1241393089294434,3.1415927410125732,0.008714509196579456,0.15000000596046448,12.0,1696619333086288468,inf,inf,3.359999895095825,3.359999895095825,3.368000030517578,3.3239998817443848,3.3440001010894775,3.364000082015991,inf,inf,4.191999912261963,4.191999912261963,4.199999809265137,4.199999809265137,0.9679999947547913,4.199999809265137,0.9440000057220459,0.9399999976158142,0.9399999976158142,0.9340000152587891,0.9319999814033508,0.9279999732971191,0.9259999990463257,0.921999990940094,0.9200000166893005,0.9179999828338623,0.9160000085830688,0.9120000004768372,0.9120000004768372,0.9079999923706055,0.906000018119812,0.9039999842643738,0.9020000100135803,0.8999999761581421,0.8980000019073486,0.8960000276565552,0.8960000276565552,0.8939999938011169,0.8920000195503235,0.8899999856948853,0.8880000114440918,0.8859999775886536,0.8859999775886536,0.8859999775886536,0.8840000033378601,0.8820000290870667,0.8799999952316284,0.8820000290870667,0.8840000033378601,0.8880000114440918,0.8920000195503235,inf,inf,inf,inf,0.8579999804496765,0.8579999804496765,0.8619999885559082,0.8679999709129333,0.871999979019165,0.8740000128746033,0.8740000128746033,0.8740000128746033,0.8740000128746033,0.8740000128746033,0.8740000128746033,0.8740000128746033,0.13199999928474426,0.8740000128746033,0.8740000128746033,0.8759999871253967,0.8759999871253967,0.8759999871253967,0.878000020980835,0.878000020980835,0.878000020980835,0.878000020980835,0.8799999952316284,0.878000020980835,0.8600000143051147,inf,inf,inf,inf,inf,inf,0.9100000262260437,0.9100000262260437,0.8960000276565552,0.8960000276565552,0.8980000019073486,0.8999999761581421,0.9039999842643738,1.5540000200271606,1.5540000200271606,1.559999942779541,1.559999942779541,1.5720000267028809,1.5779999494552612,1.5920000076293945,1.5980000495910645,1.6160000562667847,1.621999979019165,1.6360000371932983,1.6440000534057617,1.659999966621399,1.6699999570846558,1.684000015258789,1.6920000314712524,1.7020000219345093,1.722000002861023,1.7300000190734863,1.7480000257492065,1.75600004196167,1.7799999713897705,1.7899999618530273,1.809999942779541,1.8200000524520874,1.8420000076293945,1.8539999723434448,1.8680000305175781,1.8919999599456787,1.899999976158142,inf,inf,1.0740000009536743,1.0740000009536743,1.055999994277954,1.0399999618530273,1.0260000228881836,1.0119999647140503,1.0099999904632568,1.0099999904632568,1.0080000162124634,1.0520000457763672,1.0679999589920044,1.0759999752044678,1.0820000171661377,inf,5.823999881744385,5.823999881744385,5.815999984741211,5.823999881744385,5.823999881744385,5.831999778747559,5.056000232696533,5.056000232696533,4.984000205993652,5.0,4.9679999351501465,4.9679999351501465,inf,1.3079999685287476,1.3079999685287476,1.2740000486373901,1.2740000486373901,1.2760000228881836,1.2760000228881836,1.2799999713897705,1.284000039100647,1.2879999876022339,1.2899999618530273,1.2899999618530273,1.2920000553131104,inf,inf,6.039999961853027,6.039999961853027,6.072000026702881,6.072000026702881,6.079999923706055,6.104000091552734,inf,inf,inf,inf,inf,inf,inf,0.8899999856948853,0.8899999856948853,0.8740000128746033,0.8740000128746033,0.8600000143051147,0.8539999723434448,0.8579999804496765,0.8619999885559082,0.8659999966621399,0.8679999709129333,0.871999979019165,0.8740000128746033,0.8859999775886536,0.8920000195503235,0.906000018119812,0.9120000004768372,1.0140000581741333,1.003999948501587,1.003999948501587,0.9959999918937683,0.9819999933242798,0.9739999771118164,0.972000002861023,0.9700000286102295,0.9679999947547913,0.9660000205039978,0.9639999866485596,0.9620000123977661,0.9639999866485596,0.9779999852180481,inf,6.815999984741211,6.815999984741211,4.703999996185303,4.703999996185303,4.703999996185303,7.943999767303467,7.952000141143799,7.952000141143799,7.599999904632568,7.599999904632568,7.567999839782715,7.567999839782715,inf,inf,inf,7.0960001945495605,7.0960001945495605,6.992000102996826,6.9120001792907715,6.74399995803833,6.74399995803833,6.607999801635742,inf,6.840000152587891,6.840000152587891,3.5959999561309814,3.555999994277954,3.555999994277954,3.5199999809265137,3.4839999675750732,3.427999973297119,3.4000000953674316,3.312000036239624,3.2839999198913574,3.24399995803833,3.2200000286102295,3.1519999504089355,3.119999885559082,3.0880000591278076,3.115999937057495,3.140000104904175,3.1440000534057617,3.1519999504089355,3.1640000343322754,3.1679999828338623,3.180000066757202,3.184000015258789,3.2039999961853027,3.2200000286102295,3.2360000610351562,3.247999906539917,3.2679998874664307,3.2799999713897705,3.303999900817871,3.308000087738037,3.3399999141693115,3.3519999980926514,3.388000011444092,3.388000011444092,3.359999895095825,3.3399999141693115,3.3440001010894775,3.3359999656677246,3.3320000171661377,3.299999952316284,3.2920000553131104,3.2760000228881836,3.2679998874664307,3.240000009536743,3.2360000610351562,3.2320001125335693,3.200000047683716,3.191999912261963,inf,inf,inf,inf,3.2039999961853027,3.2039999961853027,3.2279999256134033,3.24399995803833,3.2639999389648438,3.328000068664551,3.371999979019165,3.4079999923706055,3.4560000896453857,3.48799991607666,0.13500000536441803,3.611999988555908,0.13300000131130219,0.13199999928474426,6.1519999504089355,6.208000183105469,6.4720001220703125,inf,inf,7.0320000648498535,7.0320000648498535,7.072000026702881,7.072000026702881,7.056000232696533,7.015999794006348,7.015999794006348,7.064000129699707,7.159999847412109,inf,inf,inf,inf,inf,1.1740000247955322,1.1740000247955322,1.1540000438690186,1.1579999923706055,1.1540000438690186,1.1380000114440918,1.1260000467300415,1.121999979019165,1.1100000143051147,1.093999981880188,1.090000033378601,1.00600004196167,0.9919999837875366,0.9819999933242798,0.9760000109672546,0.9639999866485596,0.9639999866485596,1.0199999809265137,1.0199999809265137,1.0260000228881836,1.0199999809265137,1.0260000228881836,1.031999945640564,1.034000039100647,1.0440000295639038,1.0479999780654907,1.0579999685287476,1.062000036239624,1.0779999494552612,1.0880000591278076,1.399999976158142,1.399999976158142,1.1679999828338623,1.1540000438690186,1.1540000438690186,1.1480000019073486,1.1519999504089355,1.156000018119812,1.1579999923706055,inf,inf,inf,inf,6.111999988555908,6.111999988555908,3.828000068664551,inf,3.799999952316284,3.799999952316284,3.7960000038146973,3.808000087738037,3.7720000743865967,3.7720000743865967,3.7239999771118164,3.7279999256134033,inf,inf,4.544000148773193,4.544000148773193,4.535999774932861,5.495999813079834,5.480000019073486,inf,inf,inf,inf,inf,inf,inf,inf,inf,3.2039999961853027,3.2039999961853027,inf,inf,inf,inf,inf,1.559999942779541,1.559999942779541,1.5379999876022339,1.527999997138977,1.5180000066757202,1.527999997138977,1.5399999618530273,inf,inf,inf,inf,inf,inf,inf,inf,2.7880001068115234,2.7880001068115234,2.7799999713897705,2.7920000553131104,inf,inf,inf,inf,inf,inf,inf,inf,inf,inf,inf,inf,inf,inf,inf,inf,inf,inf,inf,inf,inf,inf,inf,inf,inf,inf,inf,inf,2.4719998836517334,2.4719998836517334,inf,inf,inf,inf,inf,inf,inf,inf,inf,inf,inf,inf,2.1640000343322754,2.1640000343322754,2.1640000343322754,2.1640000343322754,inf,inf,inf,inf,2.171999931335449,2.171999931335449,2.1760001182556152,2.180000066757202,2.3559999465942383,2.3559999465942383,2.3559999465942383,2.359999895095825,inf,3.3559999465942383,3.3559999465942383,3.371999979019165,3.371999979019165,inf,inf,2.431999921798706,2.431999921798706,2.4240000247955322,2.4200000762939453,2.4119999408721924,2.4079999923706055,2.4079999923706055,2.4079999923706055,2.4000000953674316,1.5420000553131104,1.5420000553131104,1.5299999713897705,1.5119999647140503,1.5019999742507935,1.49399995803833,1.49399995803833,1.496000051498413,1.5,1.50600004196167,1.6679999828338623,1.6679999828338623,1.6720000505447388,1.6799999475479126,1.7059999704360962,1.7039999961853027,inf,inf,inf,inf,inf,inf,inf,inf,inf,inf,inf,inf,inf,inf,inf,inf,inf,inf,inf,inf,inf,inf,inf,inf,inf,inf,0.9459999799728394,0.9459999799728394,0.9539999961853027,0.9539999961853027,0.9160000085830688,0.9160000085830688,inf,inf,inf,2.128000020980835,2.128000020980835,2.131999969482422,2.131999969482422,2.140000104904175,2.140000104904175,2.131999969482422,2.131999969482422,inf,inf,inf,inf,inf,2.135999917984009,2.135999917984009,2.131999969482422,2.131999969482422,2.131999969482422,inf,inf,inf,inf,inf,inf,inf,inf,inf,inf,inf,inf,inf,inf,inf,inf,inf,inf,inf,inf,inf,inf,inf,inf,inf,inf,inf,inf,inf,inf,4.111999988555908,4.111999988555908,3.6480000019073486,3.6480000019073486,inf,inf,4.28000020980835,4.28000020980835,inf,inf,inf,inf,inf,inf,inf,1.9919999837875366,1.9919999837875366,1.9819999933242798,1.9819999933242798,1.9739999771118164,1.9639999866485596,inf,inf,inf,3.1480000019073486,3.1480000019073486,3.131999969482422,3.131999969482422,3.115999937057495,2.303999900817871,2.299999952316284,2.299999952316284,inf,inf,2.312000036239624,2.312000036239624,5.440000057220459,5.440000057220459,5.432000160217285,5.432000160217285,inf,inf,inf,inf,4.0320000648498535,4.0320000648498535,4.007999897003174,4.007999897003174,inf,inf,inf,inf,inf,4.4720001220703125,4.4720001220703125,4.1519999504089355,4.0960001945495605,5.0960001945495605,5.0960001945495605,3.171999931335449,3.171999931335449,3.1760001182556152,3.1760001182556152,inf,inf,inf,inf,inf,inf,inf,inf,inf,inf,3.2839999198913574,3.2839999198913574,inf,inf,inf,inf,inf,inf,inf,inf,4.840000152587891,4.840000152587891,4.823999881744385,4.823999881744385,4.823999881744385,4.831999778747559,4.880000114440918,inf,inf,inf,inf,inf,inf,inf,inf,inf,inf,inf,inf,inf,inf,inf,inf,3.388000011444092,3.388000011444092,3.3480000495910645,3.3480000495910645,inf,inf,inf,inf,inf,inf,inf,inf,inf,inf,3.328000068664551,3.328000068664551,3.319999933242798,3.319999933242798,3.303999900817871,3.3399999141693115,inf,inf,inf,inf,
-3.1241393089294434,3.1415927410125732,0.008714509196579456,0.15000000596046448,12.0,1696619333221294970,inf,inf,inf,inf,inf,inf,inf,inf,inf,inf,inf,inf,inf,0.9259999990463257,0.9259999990463257,0.9200000166893005,0.9179999828338623,0.9160000085830688,0.9120000004768372,0.9079999923706055,0.906000018119812,0.9020000100135803,0.8999999761581421,0.8980000019073486,0.8960000276565552,0.8939999938011169,0.8899999856948853,0.8880000114440918,0.8859999775886536,0.8840000033378601,0.8799999952316284,0.8799999952316284,0.8759999871253967,0.8740000128746033,0.8740000128746033,0.871999979019165,0.8700000047683716,0.8679999709129333,0.8659999966621399,0.8659999966621399,0.8640000224113464,0.8619999885559082,0.8619999885559082,0.8600000143051147,0.8579999804496765,0.8579999804496765,0.8560000061988831,0.8560000061988831,0.8600000143051147,0.8619999885559082,0.8659999966621399,inf,inf,inf,inf,0.8339999914169312,0.8339999914169312,0.8379999995231628,0.8379999995231628,0.8479999899864197,0.8479999899864197,0.8479999899864197,0.8479999899864197,0.8479999899864197,0.8479999899864197,0.13500000536441803,0.8500000238418579,0.13199999928474426,0.13199999928474426,0.8500000238418579,0.8500000238418579,0.8500000238418579,0.8519999980926514,0.8519999980926514,0.8519999980926514,0.8519999980926514,0.8539999723434448,0.8539999723434448,0.8500000238418579,0.843999981880188,inf,inf,inf,inf,inf,inf,0.8799999952316284,0.8799999952316284,0.8759999871253967,1.5,1.5,1.5080000162124634,1.5080000162124634,1.5219999551773071,1.527999997138977,1.5379999876022339,1.5440000295639038,1.559999942779541,1.565999984741211,1.5800000429153442,1.5880000591278076,1.5980000495910645,1.6059999465942383,1.6139999628067017,1.6319999694824219,1.6360000371932983,1.656000018119812,1.6619999408721924,1.6799999475479126,1.6920000314712524,1.7079999446868896,1.7139999866485596,1.7359999418258667,1.74399995803833,1.7619999647140503,1.7719999551773071,1.781999945640564,1.805999994277954,1.815999984741211,1.840000033378601,1.850000023841858,inf,inf,0.9919999837875366,0.9919999837875366,0.9760000109672546,0.9700000286102295,0.9639999866485596,0.9620000123977661,0.9599999785423279,0.9599999785423279,1.0,1.0099999904632568,1.0219999551773071,inf,5.783999919891357,5.783999919891357,5.760000228881836,5.760000228881836,5.760000228881836,5.76800012588501,5.776000022888184,5.783999919891357,5.800000190734863,5.800000190734863,5.015999794006348,5.015999794006348,1.0920000076293945,1.0920000076293945,1.0959999561309814,1.0959999561309814,1.100000023841858,1.0800000429153442,1.0839999914169312,1.0839999914169312,1.0779999494552612,1.090000033378601,1.0980000495910645,1.1180000305175781,1.1399999856948853,inf,5.9120001792907715,5.9120001792907715,5.920000076293945,5.952000141143799,5.97599983215332,6.007999897003174,6.007999897003174,6.015999794006348,6.015999794006348,6.047999858856201,6.0320000648498535,inf,inf,inf,inf,5.5920000076293945,5.5920000076293945,inf,0.8560000061988831,0.8560000061988831,0.8379999995231628,0.8379999995231628,0.8220000267028809,0.8040000200271606,0.8040000200271606,0.8080000281333923,0.8140000104904175,0.8159999847412109,0.8220000267028809,0.8220000267028809,0.828000009059906,0.8339999914169312,0.8460000157356262,0.8519999980926514,0.8600000143051147,inf,inf,3.864000082015991,3.864000082015991,3.8559999465942383,3.8519999980926514,inf,inf,7.25600004196167,7.25600004196167,7.311999797821045,6.360000133514404,6.360000133514404,6.383999824523926,6.631999969482422,6.696000099182129,6.696000099182129,inf,0.9399999976158142,0.9399999976158142,0.9259999990463257,0.9259999990463257,0.9160000085830688,0.8939999938011169,0.8899999856948853,0.8899999856948853,0.8920000195503235,0.8980000019073486,0.9020000100135803,0.9039999842643738,0.906000018119812,0.9100000262260437,0.9160000085830688,0.9200000166893005,0.9259999990463257,inf,inf,7.296000003814697,7.296000003814697,6.855999946594238,6.855999946594238,3.555999994277954,3.555999994277954,3.4639999866485596,3.436000108718872,3.371999979019165,3.3359999656677246,3.2799999713897705,3.25600004196167,3.2039999961853027,3.171999931335449,3.111999988555908,3.0880000591278076,3.059999942779541,3.059999942779541,3.0799999237060547,3.0920000076293945,3.111999988555908,3.124000072479248,3.1440000534057617,3.1519999504089355,3.1600000858306885,3.1679999828338623,3.1760001182556152,3.200000047683716,3.2079999446868896,3.2279999256134033,3.240000009536743,3.259999990463257,3.2720000743865967,3.2920000553131104,3.299999952316284,3.3320000171661377,3.3399999141693115,3.328000068664551,3.3239998817443848,3.299999952316284,3.2920000553131104,3.2720000743865967,3.2639999389648438,3.24399995803833,3.24399995803833,3.2200000286102295,3.2119998931884766,3.2119998931884766,3.171999931335449,3.1559998989105225,inf,inf,inf,inf,3.1440000534057617,3.1440000534057617,3.1480000019073486,3.1480000019073486,3.196000099182129,3.2279999256134033,3.2760000228881836,3.303999900817871,3.388000011444092,3.4200000762939453,3.4760000705718994,3.5160000324249268,3.559999942779541,0.13300000131130219,6.072000026702881,6.104000091552734,6.127999782562256,6.464000225067139,6.423999786376953,inf,inf,6.97599983215332,6.97599983215332,7.0,6.97599983215332,6.984000205993652,7.039999961853027,7.119999885559082,inf,inf,inf,inf,inf,inf,inf,inf,inf,1.159999966621399,1.159999966621399,1.1419999599456787,1.1380000114440918,1.1380000114440918,1.1299999952316284,1.1160000562667847,1.1160000562667847,1.1059999465942383,1.0980000495910645,1.0820000171661377,1.0800000429153442,1.0679999589920044,0.9900000095367432,0.9779999852180481,0.9639999866485596,0.9599999785423279,0.9559999704360962,1.0140000581741333,1.0140000581741333,1.0140000581741333,1.0180000066757202,1.0199999809265137,1.0219999551773071,1.031999945640564,1.0360000133514404,1.0399999618530273,1.0540000200271606,1.0579999685287476,1.0720000267028809,1.0839999914169312,1.1759999990463257,1.1759999990463257,1.159999966621399,1.159999966621399,1.1480000019073486,1.1480000019073486,1.1519999504089355,1.1579999923706055,1.1579999923706055,inf,inf,inf,3.808000087738037,3.808000087738037,3.7880001068115234,3.7760000228881836,3.7880001068115234,3.803999900817871,3.7799999713897705,3.7799999713897705,3.7360000610351562,3.7639999389648438,4.535999774932861,4.535999774932861,4.48799991607666,4.48799991607666,4.432000160217285,inf,inf,inf,inf,inf,inf,inf,inf,inf,inf,inf,inf,inf,inf,inf,inf,inf,4.168000221252441,4.168000221252441,inf,1.5640000104904175,1.5640000104904175,1.5540000200271606,1.5479999780654907,1.5399999618530273,1.5540000200271606,inf,inf,inf,inf,inf,inf,inf,2.812000036239624,2.812000036239624,2.808000087738037,2.8320000171661377,inf,inf,inf,inf,inf,inf,inf,inf,inf,inf,inf,inf,inf,inf,inf,inf,inf,inf,inf,inf,inf,inf,inf,inf,inf,inf,inf,2.5,2.5,2.5,2.48799991607666,2.496000051498413,2.503999948501587,inf,inf,inf,inf,inf,inf,2.2200000286102295,2.2200000286102295,inf,inf,2.200000047683716,2.200000047683716,inf,inf,inf,inf,2.2079999446868896,2.2079999446868896,2.384000062942505,2.384000062942505,2.4040000438690186,2.4040000438690186,2.3959999084472656,2.388000011444092,2.388000011444092,inf,3.4119999408721924,3.4119999408721924,3.4079999923706055,inf,2.4719998836517334,2.4719998836517334,2.4560000896453857,2.4560000896453857,2.4519999027252197,2.444000005722046,2.444000005722046,2.440000057220459,2.440000057220459,2.436000108718872,2.436000108718872,1.5820000171661377,1.5720000267028809,1.5720000267028809,1.5520000457763672,1.5440000295639038,1.5379999876022339,1.5399999618530273,1.5479999780654907,1.5499999523162842,1.715999960899353,1.715999960899353,1.7200000286102295,1.7300000190734863,1.7419999837875366,1.7580000162124634,inf,inf,inf,inf,inf,inf,inf,inf,inf,inf,inf,inf,inf,inf,inf,inf,inf,inf,inf,inf,inf,inf,inf,inf,inf,0.9900000095367432,0.9900000095367432,0.9980000257492065,0.9660000205039978,0.9639999866485596,0.9639999866485596,inf,inf,inf,inf,2.1760001182556152,2.1760001182556152,2.1760001182556152,2.180000066757202,2.1760001182556152,2.1760001182556152,2.1760001182556152,inf,inf,1.3600000143051147,1.3600000143051147,inf,2.1760001182556152,2.1760001182556152,2.1760001182556152,inf,inf,inf,inf,inf,inf,inf,inf,inf,inf,inf,inf,inf,inf,inf,inf,inf,inf,inf,inf,inf,inf,inf,inf,inf,inf,inf,inf,inf,inf,4.223999977111816,4.223999977111816,3.700000047683716,3.700000047683716,inf,inf,4.296000003814697,4.296000003814697,inf,inf,4.74399995803833,4.74399995803833,inf,inf,inf,inf,inf,inf,2.0179998874664307,2.0179998874664307,2.009999990463257,2.009999990463257,1.9980000257492065,1.9859999418258667,inf,inf,inf,3.1519999504089355,3.1519999504089355,3.1519999504089355,2.3239998817443848,2.3239998817443848,2.2920000553131104,inf,2.3440001010894775,2.3440001010894775,inf,2.7639999389648438,2.7639999389648438,5.480000019073486,5.480000019073486,5.447999954223633,5.423999786376953,inf,inf,inf,inf,inf,inf,inf,inf,inf,inf,4.535999774932861,4.535999774932861,4.48799991607666,4.111999988555908,4.119999885559082,5.176000118255615,5.176000118255615,inf,3.2279999256134033,3.2279999256134033,3.2200000286102295,3.2200000286102295,3.2039999961853027,3.191999912261963,inf,inf,inf,inf,inf,inf,inf,inf,inf,inf,inf,inf,inf,inf,inf,inf,inf,4.992000102996826,4.992000102996826,5.0320000648498535,5.0320000648498535,5.0320000648498535,4.927999973297119,4.927999973297119,inf,inf,inf,inf,inf,3.628000020980835,3.628000020980835,inf,inf,inf,inf,inf,inf,inf,inf,inf,inf,inf,inf,inf,inf,inf,inf,inf,inf,inf,inf,inf,inf,inf,inf,3.319999933242798,3.319999933242798,3.3320000171661377,3.3320000171661377,inf,inf,inf,inf,inf,inf,
-3.1241393089294434,3.1415927410125732,0.008714509196579456,0.15000000596046448,12.0,1696619333356554749,3.5920000076293945,inf,inf,inf,inf,inf,inf,0.9520000219345093,0.9520000219345093,0.9419999718666077,0.9399999976158142,0.9359999895095825,0.9319999814033508,0.9279999732971191,0.8980000019073486,0.8939999938011169,0.8920000195503235,0.8859999775886536,0.8859999775886536,0.8820000290870667,0.8799999952316284,0.8759999871253967,0.8740000128746033,0.871999979019165,0.8700000047683716,0.8659999966621399,0.8640000224113464,0.8619999885559082,0.8600000143051147,0.8560000061988831,0.8560000061988831,0.8519999980926514,0.8519999980926514,0.8479999899864197,0.8479999899864197,0.8460000157356262,0.843999981880188,0.8420000076293945,0.8399999737739563,0.8399999737739563,0.8379999995231628,0.8360000252723694,0.8360000252723694,0.8339999914169312,0.8320000171661377,0.8320000171661377,0.8299999833106995,0.8299999833106995,0.8320000171661377,0.8360000252723694,0.8420000076293945,inf,inf,inf,inf,inf,0.8080000281333923,0.8080000281333923,0.8159999847412109,0.8199999928474426,0.8199999928474426,0.8220000267028809,0.8220000267028809,0.8220000267028809,0.8220000267028809,0.1340000033378601,0.13199999928474426,0.13199999928474426,0.13199999928474426,0.8240000009536743,0.8240000009536743,0.8240000009536743,0.8240000009536743,0.8259999752044678,0.8259999752044678,0.828000009059906,0.828000009059906,0.8259999752044678,0.8240000009536743,inf,inf,inf,inf,inf,inf,inf,inf,1.4880000352859497,1.4880000352859497,1.4759999513626099,1.4800000190734863,1.4859999418258667,1.4900000095367432,1.5,1.5080000162124634,1.5240000486373901,1.527999997138977,1.5420000553131104,1.5460000038146973,1.559999942779541,1.5679999589920044,1.5820000171661377,1.5880000591278076,1.600000023841858,1.6080000400543213,1.6160000562667847,1.6339999437332153,1.6419999599456787,1.656000018119812,1.6640000343322754,1.684000015258789,1.694000005722046,1.7100000381469727,1.718000054359436,1.7419999837875366,1.75,1.7599999904632568,1.784000039100647,1.7960000038146973,0.9319999814033508,0.9319999814033508,0.9240000247955322,0.9179999828338623,0.7239999771118164,0.7099999785423279,0.699999988079071,0.6819999814033508,0.6759999990463257,0.6859999895095825,0.6859999895095825,0.6899999976158142,0.6840000152587891,0.7059999704360962,0.7059999704360962,0.699999988079071,0.699999988079071,inf,0.7419999837875366,0.7419999837875366,inf,inf,5.760000228881836,5.760000228881836,5.71999979019165,5.728000164031982,4.960000038146973,4.952000141143799,4.943999767303467,4.943999767303467,4.935999870300293,5.800000190734863,5.800000190734863,5.800000190734863,5.808000087738037,5.808000087738037,5.815999984741211,5.831999778747559,5.840000152587891,5.863999843597412,5.863999843597412,5.863999843597412,5.863999843597412,5.880000114440918,5.895999908447266,5.895999908447266,5.9039998054504395,inf,inf,5.952000141143799,5.952000141143799,5.992000102996826,5.984000205993652,inf,inf,inf,inf,5.51200008392334,5.51200008392334,5.455999851226807,5.455999851226807,5.423999786376953,inf,0.8040000200271606,0.8040000200271606,0.7879999876022339,0.7720000147819519,0.7540000081062317,0.7540000081062317,0.7599999904632568,0.7620000243186951,0.7680000066757202,0.7699999809265137,0.7739999890327454,0.7760000228881836,0.7839999794960022,0.7879999876022339,0.7940000295639038,0.8080000281333923,0.8140000104904175,inf,inf,inf,inf,inf,inf,7.216000080108643,7.216000080108643,7.271999835968018,6.303999900817871,6.28000020980835,6.480000019073486,6.567999839782715,6.656000137329102,6.736000061035156,4.616000175476074,4.607999801635742,7.872000217437744,7.9039998054504395,inf,7.504000186920166,7.504000186920166,7.48799991607666,7.415999889373779,inf,inf,inf,inf,6.607999801635742,6.607999801635742,inf,inf,6.631999969482422,6.631999969482422,inf,inf,inf,inf,inf,inf,0.906000018119812,0.906000018119812,0.8920000195503235,0.8679999709129333,0.8539999723434448,0.8500000238418579,0.8460000157356262,0.8460000157356262,0.8460000157356262,0.8479999899864197,0.8500000238418579,0.8539999723434448,0.8560000061988831,0.8679999709129333,0.871999979019165,0.8820000290870667,0.8859999775886536,0.8920000195503235,inf,inf,3.1440000534057617,3.1440000534057617,3.1640000343322754,3.171999931335449,3.184000015258789,3.200000047683716,3.2200000286102295,3.2360000610351562,3.252000093460083,3.2639999389648438,3.2760000228881836,3.2880001068115234,3.303999900817871,3.2960000038146973,3.2880001068115234,3.2679998874664307,3.259999990463257,3.2360000610351562,3.2239999771118164,3.2039999961853027,3.2079999446868896,3.191999912261963,3.1640000343322754,3.1440000534057617,inf,inf,inf,inf,inf,3.124000072479248,3.124000072479248,3.1080000400543213,3.0880000591278076,3.1040000915527344,3.1640000343322754,3.200000047683716,3.25600004196167,3.2839999198913574,3.364000082015991,0.13500000536441803,0.1340000033378601,3.492000102996826,3.5360000133514404,6.047999858856201,6.047999858856201,6.0960001945495605,6.415999889373779,6.415999889373779,6.127999782562256,inf,6.960000038146973,6.960000038146973,6.97599983215332,6.952000141143799,6.984000205993652,7.0879998207092285,inf,inf,inf,inf,inf,inf,6.927999973297119,6.927999973297119,6.872000217437744,6.872000217437744,6.480000019073486,6.480000019073486,inf,inf,1.1699999570846558,1.1699999570846558,1.1460000276565552,1.1260000467300415,1.128000020980835,1.1119999885559082,1.1080000400543213,1.1039999723434448,1.1019999980926514,1.0920000076293945,1.0820000171661377,1.0740000009536743,1.0700000524520874,1.055999994277954,0.9860000014305115,0.9739999771118164,0.9599999785423279,0.9539999961853027,0.9480000138282776,1.0,1.00600004196167,1.0119999647140503,1.0140000581741333,1.0160000324249268,1.0199999809265137,1.027999997138977,1.034000039100647,1.0460000038146973,1.0520000457763672,1.059999942779541,1.0720000267028809,inf,1.1720000505447388,1.1720000505447388,1.1579999923706055,1.1480000019073486,1.149999976158142,1.1540000438690186,1.159999966621399,1.159999966621399,inf,inf,3.799999952316284,3.799999952316284,3.803999900817871,3.7799999713897705,3.740000009536743,3.740000009536743,3.74399995803833,3.759999990463257,inf,inf,inf,inf,inf,inf,inf,inf,inf,inf,3.671999931335449,3.671999931335449,3.680000066757202,3.680000066757202,3.671999931335449,inf,inf,inf,inf,3.619999885559082,3.619999885559082,4.176000118255615,4.176000118255615,4.199999809265137,4.199999809265137,4.239999771118164,1.5800000429153442,1.5800000429153442,1.5679999589920044,1.5679999589920044,1.559999942779541,1.5679999589920044,inf,inf,inf,4.288000106811523,4.288000106811523,4.271999835968018,inf,inf,inf,inf,inf,inf,inf,inf,inf,inf,inf,inf,inf,inf,inf,inf,inf,inf,inf,inf,inf,inf,inf,inf,inf,inf,inf,inf,inf,inf,inf,2.5439999103546143,2.5439999103546143,2.552000045776367,2.5439999103546143,2.552000045776367,2.559999942779541,2.572000026702881,inf,inf,inf,inf,inf,2.24399995803833,2.24399995803833,2.2360000610351562,2.2360000610351562,2.2320001125335693,2.2320001125335693,2.2320001125335693,2.2160000801086426,2.2119998931884766,2.2239999771118164,2.2320001125335693,2.240000009536743,2.247999906539917,inf,inf,inf,3.180000066757202,3.180000066757202,inf,3.2839999198913574,3.2839999198913574,3.2880001068115234,3.2960000038146973,3.3519999980926514,3.375999927520752,2.507999897003174,2.5,2.5,2.496000051498413,2.496000051498413,2.492000102996826,2.492000102996826,2.48799991607666,2.4839999675750732,1.6360000371932983,1.6360000371932983,1.6239999532699585,1.6039999723434448,1.5959999561309814,1.5859999656677246,1.5859999656677246,1.5920000076293945,1.5959999561309814,1.6080000400543213,1.7619999647140503,1.7619999647140503,1.7760000228881836,1.7940000295639038,inf,inf,inf,inf,inf,inf,inf,inf,inf,inf,inf,inf,inf,inf,inf,inf,inf,inf,inf,inf,inf,inf,inf,inf,inf,inf,1.0440000295639038,1.0440000295639038,1.0379999876022339,1.0379999876022339,1.0160000324249268,1.0140000581741333,1.2079999446868896,1.2079999446868896,inf,2.2279999256134033,2.2279999256134033,2.2360000610351562,2.2360000610351562,2.2239999771118164,2.2239999771118164,2.2239999771118164,2.2160000801086426,inf,inf,2.2119998931884766,2.2119998931884766,2.2320001125335693,2.2320001125335693,2.2200000286102295,2.2160000801086426,inf,inf,inf,inf,inf,inf,inf,inf,inf,inf,inf,inf,inf,inf,inf,inf,inf,inf,inf,inf,inf,inf,inf,inf,inf,inf,inf,inf,inf,inf,4.271999835968018,4.271999835968018,3.7360000610351562,inf,inf,inf,4.320000171661377,4.320000171661377,inf,inf,4.783999919891357,4.783999919891357,4.823999881744385,inf,inf,inf,inf,inf,inf,2.0299999713897705,2.0299999713897705,inf,inf,inf,3.2119998931884766,3.2119998931884766,3.2039999961853027,inf,2.359999895095825,2.359999895095825,2.3480000495910645,inf,inf,inf,2.8440001010894775,2.8440001010894775,5.552000045776367,5.552000045776367,5.5279998779296875,5.51200008392334,5.495999813079834,5.464000225067139,inf,inf,4.067999839782715,4.067999839782715,inf,inf,4.544000148773193,4.544000148773193,inf,5.271999835968018,5.271999835968018,4.495999813079834,4.144000053405762,4.1519999504089355,inf,5.1519999504089355,5.1519999504089355,4.748000144958496,3.24399995803833,3.24399995803833,3.247999906539917,3.240000009536743,3.2239999771118164,inf,inf,inf,inf,inf,inf,inf,inf,inf,inf,3.947999954223633,3.947999954223633,inf,inf,inf,inf,5.047999858856201,5.047999858856201,5.047999858856201,5.047999858856201,5.047999858856201,5.047999858856201,4.984000205993652,4.952000141143799,inf,inf,inf,inf,inf,inf,inf,inf,inf,inf,inf,inf,inf,inf,inf,inf,3.559999942779541,3.559999942779541,3.559999942779541,3.559999942779541,inf,inf,inf,inf,inf,inf,inf,inf,inf,inf,inf,inf,inf,inf,inf,inf,inf,3.6040000915527344,3.6040000915527344,3.5959999561309814,3.5999999046325684,3.5920000076293945,
-3.1241393089294434,3.1415927410125732,0.008714509196579456,0.15000000596046448,12.0,1696619333491715417,inf,0.9559999704360962,0.9559999704360962,0.9419999718666077,0.9380000233650208,0.9319999814033508,0.9279999732971191,0.9240000247955322,0.9200000166893005,0.9160000085830688,0.9139999747276306,0.9079999923706055,0.906000018119812,0.8999999761581421,0.8700000047683716,0.8659999966621399,0.8640000224113464,0.8600000143051147,0.8579999804496765,0.8539999723434448,0.8519999980926514,0.8479999899864197,0.8460000157356262,0.843999981880188,0.8420000076293945,0.8379999995231628,0.8379999995231628,0.8339999914169312,0.8320000171661377,0.8299999833106995,0.828000009059906,0.8240000009536743,0.8240000009536743,0.40700000524520874,0.40700000524520874,0.39800000190734863,0.39800000190734863,0.3880000114440918,0.3779999911785126,0.37299999594688416,0.36899998784065247,0.36399999260902405,0.35899999737739563,0.35600000619888306,0.3529999852180481,0.35199999809265137,0.3499999940395355,0.3499999940395355,0.3499999940395355,0.3499999940395355,0.3499999940395355,0.3490000069141388,0.3490000069141388,0.3490000069141388,inf,inf,inf,inf,0.3370000123977661,0.3370000123977661,0.33899998664855957,0.33899998664855957,0.34299999475479126,0.34599998593330383,0.34599998593330383,0.3479999899864197,0.3490000069141388,0.13199999928474426,0.3529999852180481,0.3569999933242798,0.35899999737739563,0.3610000014305115,0.36500000953674316,0.367000013589859,0.36500000953674316,inf,inf,inf,inf,inf,inf,inf,inf,inf,inf,inf,inf,1.465999960899353,1.465999960899353,1.4639999866485596,1.465999960899353,1.472000002861023,1.4839999675750732,1.4900000095367432,1.5,1.50600004196167,1.5199999809265137,1.5260000228881836,1.5379999876022339,1.5440000295639038,1.5499999523162842,1.562000036239624,1.5700000524520874,1.5839999914169312,1.5920000076293945,1.6059999465942383,1.6139999628067017,1.6299999952316284,1.6399999856948853,1.6579999923706055,1.6640000343322754,1.684000015258789,1.694000005722046,inf,0.8539999723434448,0.8539999723434448,0.8460000157356262,0.8360000252723694,0.8339999914169312,0.828000009059906,0.8259999752044678,0.8339999914169312,0.8460000157356262,0.8619999885559082,0.8679999709129333,0.8840000033378601,0.8920000195503235,0.9020000100135803,0.9100000262260437,inf,inf,5.711999893188477,5.711999893188477,5.688000202178955,5.688000202178955,5.679999828338623,5.688000202178955,5.703999996185303,5.679999828338623,5.671999931335449,5.656000137329102,5.664000034332275,5.679999828338623,5.679999828338623,4.943999767303467,4.952000141143799,4.888000011444092,4.863999843597412,4.888000011444092,4.888000011444092,4.9039998054504395,5.760000228881836,5.760000228881836,5.751999855041504,5.751999855041504,5.776000022888184,5.808000087738037,5.791999816894531,5.8480000495910645,5.840000152587891,5.840000152587891,5.823999881744385,5.8480000495910645,5.855999946594238,5.872000217437744,5.888000011444092,inf,5.9039998054504395,5.9039998054504395,5.895999908447266,5.895999908447266,5.935999870300293,inf,inf,inf,inf,inf,inf,5.5279998779296875,5.5279998779296875,5.400000095367432,5.392000198364258,inf,inf,0.7260000109672546,0.7260000109672546,0.7120000123977661,0.7120000123977661,0.6959999799728394,0.6959999799728394,0.699999988079071,0.7020000219345093,0.7059999704360962,0.7099999785423279,0.7120000123977661,0.7139999866485596,0.7179999947547913,0.722000002861023,0.7300000190734863,0.7360000014305115,0.7419999837875366,0.7519999742507935,0.7620000243186951,inf,inf,7.127999782562256,7.127999782562256,7.136000156402588,6.208000183105469,6.199999809265137,6.239999771118164,6.5279998779296875,6.656000137329102,6.688000202178955,4.576000213623047,4.552000045776367,7.791999816894531,7.791999816894531,7.76800012588501,7.495999813079834,7.4079999923706055,7.4079999923706055,7.288000106811523,inf,7.007999897003174,7.007999897003174,6.935999870300293,6.935999870300293,6.840000152587891,inf,inf,inf,6.447999954223633,6.447999954223633,6.559999942779541,6.559999942779541,6.567999839782715,6.631999969482422,3.4800000190734863,3.4800000190734863,3.436000108718872,3.384000062942505,3.3559999465942383,3.2760000228881836,3.25600004196167,3.2079999446868896,3.171999931335449,3.111999988555908,3.0920000076293945,3.052000045776367,3.0199999809265137,2.9600000381469727,2.9639999866485596,inf,0.8880000114440918,0.8880000114440918,0.8740000128746033,0.8619999885559082,0.8560000061988831,0.8479999899864197,0.8460000157356262,0.843999981880188,0.8460000157356262,0.8460000157356262,0.8460000157356262,0.8460000157356262,0.8460000157356262,0.8500000238418579,0.8500000238418579,0.8560000061988831,0.8619999885559082,0.8740000128746033,0.8759999871253967,inf,3.200000047683716,3.200000047683716,3.200000047683716,3.200000047683716,3.187999963760376,3.180000066757202,3.1760001182556152,3.131999969482422,3.128000020980835,inf,inf,inf,inf,3.111999988555908,3.111999988555908,3.1040000915527344,3.1040000915527344,3.072000026702881,3.059999942779541,3.0840001106262207,3.0999999046325684,3.1600000858306885,3.2039999961853027,0.13600000739097595,0.13500000536441803,0.1340000033378601,0.13300000131130219,3.440000057220459,3.507999897003174,3.555999994277954,6.0320000648498535,6.056000232696533,6.4079999923706055,6.375999927520752,6.072000026702881,6.935999870300293,6.935999870300293,6.943999767303467,6.943999767303467,6.97599983215332,6.992000102996826,inf,inf,inf,inf,inf,inf,inf,6.927999973297119,6.927999973297119,6.895999908447266,6.783999919891357,6.631999969482422,6.535999774932861,6.4720001220703125,6.4720001220703125,6.480000019073486,6.5279998779296875,inf,inf,1.156000018119812,1.156000018119812,1.121999979019165,1.1119999885559082,1.1160000562667847,1.1080000400543213,1.0980000495910645,1.0959999561309814,1.090000033378601,1.0859999656677246,1.0720000267028809,1.0679999589920044,1.062000036239624,1.0579999685287476,0.9860000014305115,0.9860000014305115,0.9660000205039978,0.9580000042915344,0.9480000138282776,0.9459999799728394,1.0,1.0,1.00600004196167,1.0080000162124634,1.0160000324249268,1.0180000066757202,1.0299999713897705,1.0379999876022339,1.0440000295639038,1.055999994277954,1.0640000104904175,1.0920000076293945,1.1759999990463257,1.1759999990463257,1.1640000343322754,1.1540000438690186,1.1519999504089355,1.156000018119812,1.1640000343322754,1.1660000085830688,inf,inf,3.747999906539917,3.747999906539917,3.747999906539917,3.74399995803833,5.4679999351501465,5.4679999351501465,inf,inf,inf,inf,inf,inf,inf,inf,inf,inf,3.6679999828338623,3.6679999828338623,3.6440000534057617,3.6480000019073486,3.640000104904175,3.640000104904175,3.628000020980835,3.628000020980835,3.628000020980835,3.6480000019073486,4.208000183105469,4.216000080108643,4.23199987411499,4.239999771118164,4.271999835968018,4.624000072479248,4.624000072479248,1.6080000400543213,1.5980000495910645,1.5980000495910645,1.5800000429153442,1.5839999914169312,1.600000023841858,4.311999797821045,4.311999797821045,4.303999900817871,4.28000020980835,4.25600004196167,4.216000080108643,4.127999782562256,4.127999782562256,4.111999988555908,4.111999988555908,inf,inf,inf,inf,inf,inf,inf,inf,inf,inf,inf,inf,inf,inf,inf,inf,inf,inf,inf,inf,inf,inf,inf,inf,inf,inf,inf,inf,inf,inf,inf,inf,inf,inf,inf,inf,2.2960000038146973,2.2960000038146973,2.2839999198913574,2.2839999198913574,2.2799999713897705,2.2799999713897705,2.2720000743865967,2.303999900817871,2.303999900817871,2.2760000228881836,2.2720000743865967,2.2839999198913574,2.2880001068115234,2.2880001068115234,inf,inf,inf,3.299999952316284,3.299999952316284,3.312000036239624,3.312000036239624,3.303999900817871,3.303999900817871,3.299999952316284,3.3239998817443848,2.559999942779541,2.5480000972747803,2.5480000972747803,2.5480000972747803,2.5439999103546143,2.5439999103546143,2.5480000972747803,2.5480000972747803,2.5480000972747803,2.5480000972747803,1.6720000505447388,1.6619999408721924,1.6540000438690186,1.6440000534057617,1.6360000371932983,1.6360000371932983,1.6399999856948853,1.6440000534057617,1.649999976158142,1.8240000009536743,1.8240000009536743,1.8339999914169312,inf,inf,inf,inf,inf,inf,inf,inf,inf,inf,inf,inf,inf,inf,inf,inf,inf,inf,inf,inf,inf,inf,inf,inf,inf,1.093999981880188,1.093999981880188,1.100000023841858,1.100000023841858,1.1080000400543213,1.065999984741211,inf,inf,inf,2.2799999713897705,2.2799999713897705,2.2799999713897705,2.2799999713897705,2.2799999713897705,2.2799999713897705,2.2799999713897705,2.2799999713897705,inf,inf,inf,inf,2.2839999198913574,2.2839999198913574,2.2760000228881836,2.2760000228881836,2.2720000743865967,inf,inf,inf,inf,inf,inf,inf,inf,inf,inf,inf,inf,inf,inf,inf,inf,inf,inf,inf,inf,inf,inf,inf,inf,inf,inf,inf,inf,inf,inf,3.7839999198913574,3.7839999198913574,inf,inf,inf,4.400000095367432,4.400000095367432,inf,inf,4.791999816894531,4.791999816894531,4.783999919891357,4.823999881744385,inf,inf,inf,inf,inf,2.072000026702881,2.072000026702881,inf,inf,inf,3.2720000743865967,3.2720000743865967,3.24399995803833,3.2320001125335693,2.4000000953674316,2.375999927520752,2.368000030517578,inf,2.8559999465942383,2.8559999465942383,2.875999927520752,2.875999927520752,2.8320000171661377,5.607999801635742,5.5920000076293945,5.5920000076293945,5.5279998779296875,5.5279998779296875,5.48799991607666,inf,inf,inf,5.015999794006348,5.015999794006348,4.656000137329102,4.656000137329102,inf,inf,4.168000221252441,4.168000221252441,4.184000015258789,4.184000015258789,inf,5.25600004196167,5.25600004196167,4.760000228881836,3.259999990463257,3.259999990463257,3.252000093460083,3.252000093460083,3.259999990463257,3.2639999389648438,inf,inf,inf,inf,inf,inf,inf,inf,inf,inf,inf,inf,inf,inf,inf,5.064000129699707,5.064000129699707,5.056000232696533,5.056000232696533,5.056000232696533,5.047999858856201,5.015999794006348,4.880000114440918,inf,inf,inf,inf,inf,inf,inf,inf,inf,inf,inf,inf,3.5439999103546143,3.5439999103546143,inf,inf,3.572000026702881,3.572000026702881,3.559999942779541,3.51200008392334,inf,inf,inf,inf,inf,inf,inf,inf,inf,inf,inf,inf,inf,inf,inf,inf,3.624000072479248,3.624000072479248,3.5959999561309814,3.5880000591278076,3.5959999561309814,3.5999999046325684,inf,
-3.1241393089294434,3.1415927410125732,0.008714509196579456,0.15000000596046448,12.0,1696619333626804437,0.9259999990463257,0.9179999828338623,0.9160000085830688,0.9100000262260437,0.9079999923706055,0.8999999761581421,0.8999999761581421,0.8939999938011169,0.8920000195503235,0.32100000977516174,0.8840000033378601,0.32100000977516174,0.8759999871253967,0.3230000138282776,0.3240000009536743,0.32600000500679016,0.328000009059906,0.3319999873638153,0.33500000834465027,0.33799999952316284,0.34299999475479126,0.34599998593330383,0.35100001096725464,inf,inf,inf,inf,0.800000011920929,0.800000011920929,0.7979999780654907,0.7979999780654907,0.7960000038146973,0.7940000295639038,0.7940000295639038,0.7900000214576721,0.7879999876022339,0.7860000133514404,0.7860000133514404,0.7839999794960022,0.7820000052452087,0.7820000052452087,0.7799999713897705,0.777999997138977,0.777999997138977,0.7760000228881836,0.7760000228881836,0.7739999890327454,0.7739999890327454,0.7739999890327454,0.777999997138977,0.7820000052452087,inf,inf,inf,inf,0.7519999742507935,0.7519999742507935,0.7540000081062317,0.7540000081062317,0.7620000243186951,0.7639999985694885,0.765999972820282,0.765999972820282,0.765999972820282,0.13500000536441803,0.765999972820282,0.1340000033378601,0.13300000131130219,0.765999972820282,0.765999972820282,0.765999972820282,0.7699999809265137,0.7720000147819519,inf,inf,inf,inf,1.3559999465942383,1.3559999465942383,1.3680000305175781,1.3680000305175781,inf,inf,inf,inf,inf,inf,1.4520000219345093,1.4520000219345093,1.4479999542236328,1.4500000476837158,1.4520000219345093,1.4639999866485596,1.4700000286102295,1.4819999933242798,1.4880000352859497,1.4980000257492065,1.50600004196167,1.5180000066757202,1.5240000486373901,1.5379999876022339,1.5440000295639038,inf,inf,0.6840000152587891,0.6840000152587891,0.6800000071525574,0.6840000152587891,0.6859999895095825,0.6919999718666077,0.7039999961853027,0.7099999785423279,0.7080000042915344,0.7099999785423279,0.7440000176429749,0.7440000176429749,0.7540000081062317,0.7459999918937683,0.7419999837875366,inf,inf,inf,0.8320000171661377,0.8320000171661377,inf,inf,inf,inf,inf,5.631999969482422,5.631999969482422,5.639999866485596,5.639999866485596,5.631999969482422,5.639999866485596,5.656000137329102,5.624000072479248,5.664000034332275,5.639999866485596,5.616000175476074,5.616000175476074,5.624000072479248,5.6479997634887695,4.895999908447266,4.895999908447266,4.880000114440918,4.823999881744385,4.800000190734863,4.791999816894531,4.840000152587891,4.872000217437744,5.728000164031982,5.728000164031982,5.71999979019165,5.71999979019165,5.736000061035156,5.74399995803833,5.711999893188477,5.776000022888184,5.776000022888184,5.791999816894531,5.823999881744385,5.815999984741211,5.815999984741211,5.815999984741211,inf,5.863999843597412,5.863999843597412,5.880000114440918,5.880000114440918,5.888000011444092,5.920000076293945,inf,inf,inf,inf,inf,inf,5.4079999923706055,5.4079999923706055,5.3520002365112305,5.368000030517578,6.199999809265137,6.199999809265137,6.223999977111816,6.25600004196167,6.271999835968018,6.335999965667725,6.3520002365112305,inf,0.6800000071525574,0.6800000071525574,0.6679999828338623,0.6679999828338623,0.6460000276565552,0.6439999938011169,0.6480000019073486,0.6499999761581421,0.6539999842643738,0.6539999842643738,0.656000018119812,0.656000018119812,0.6600000262260437,0.6620000004768372,0.6679999828338623,0.6700000166893005,0.671999990940094,0.6779999732971191,0.6819999814033508,0.6899999976158142,inf,inf,inf,inf,4.48799991607666,4.48799991607666,4.495999813079834,7.74399995803833,7.74399995803833,7.447999954223633,7.296000003814697,7.296000003814697,7.239999771118164,7.239999771118164,7.216000080108643,6.791999816894531,6.791999816894531,6.8480000495910645,6.8480000495910645,6.74399995803833,6.567999839782715,6.480000019073486,6.480000019073486,6.392000198364258,6.375999927520752,6.455999851226807,6.480000019073486,6.616000175476074,6.616000175476074,3.4000000953674316,3.3559999465942383,3.3559999465942383,3.312000036239624,3.2799999713897705,3.24399995803833,3.2239999771118164,3.1559998989105225,3.115999937057495,3.0799999237060547,3.059999942779541,3.003999948501587,2.9760000705718994,2.940000057220459,2.927999973297119,2.947999954223633,2.9600000381469727,2.9800000190734863,2.98799991607666,0.8539999723434448,0.8539999723434448,0.8420000076293945,0.8420000076293945,0.8320000171661377,0.8259999752044678,0.8159999847412109,0.8159999847412109,0.8140000104904175,0.8180000185966492,0.8199999928474426,0.8180000185966492,0.8199999928474426,0.8199999928474426,0.8220000267028809,0.8220000267028809,0.8240000009536743,0.8259999752044678,0.8299999833106995,0.8320000171661377,inf,inf,3.115999937057495,3.115999937057495,3.1040000915527344,inf,inf,inf,inf,3.0840001106262207,3.0840001106262207,3.0840001106262207,3.068000078201294,3.0480000972747803,3.0480000972747803,3.0399999618530273,3.0399999618530273,3.059999942779541,3.0959999561309814,0.13500000536441803,0.13500000536441803,0.1340000033378601,0.13199999928474426,3.3359999656677246,3.4200000762939453,3.447999954223633,3.5280001163482666,6.02400016784668,6.02400016784668,6.400000095367432,6.368000030517578,6.039999961853027,6.9120001792907715,6.9120001792907715,6.9039998054504395,6.9039998054504395,7.02400016784668,inf,inf,inf,inf,inf,inf,inf,6.960000038146973,6.960000038146973,6.960000038146973,6.863999843597412,6.815999984741211,6.584000110626221,6.464000225067139,6.464000225067139,6.464000225067139,6.480000019073486,6.504000186920166,7.104000091552734,7.104000091552734,7.104000091552734,7.127999782562256,inf,1.1380000114440918,1.1380000114440918,1.121999979019165,1.121999979019165,1.1119999885559082,1.1080000400543213,1.1139999628067017,1.0980000495910645,1.093999981880188,1.0880000591278076,1.0839999914169312,1.0740000009536743,1.0679999589920044,1.059999942779541,1.0579999685287476,1.0499999523162842,1.0420000553131104,0.9800000190734863,0.9639999866485596,0.9580000042915344,0.9459999799728394,0.9440000057220459,0.9959999918937683,0.9959999918937683,1.00600004196167,1.0080000162124634,1.0140000581741333,1.0219999551773071,1.027999997138977,1.0440000295639038,1.0520000457763672,1.0640000104904175,1.0779999494552612,1.090000033378601,1.1859999895095825,1.1720000505447388,1.156000018119812,1.1540000438690186,1.1619999408721924,1.1679999828338623,1.1699999570846558,inf,inf,inf,inf,inf,inf,inf,inf,inf,inf,inf,inf,5.736000061035156,5.736000061035156,3.6440000534057617,3.6480000019073486,3.6480000019073486,3.6640000343322754,3.6480000019073486,inf,3.6600000858306885,3.6600000858306885,3.6480000019073486,3.6440000534057617,4.223999977111816,4.223999977111816,4.239999771118164,4.248000144958496,4.28000020980835,4.311999797821045,4.624000072479248,4.607999801635742,4.576000213623047,1.6299999952316284,1.6299999952316284,1.6200000047683716,1.6119999885559082,1.6080000400543213,1.6200000047683716,inf,4.28000020980835,4.28000020980835,4.25600004196167,4.223999977111816,4.127999782562256,4.127999782562256,4.0960001945495605,4.0960001945495605,4.0879998207092285,inf,inf,inf,inf,inf,inf,inf,inf,inf,inf,inf,inf,inf,inf,inf,inf,inf,inf,inf,inf,inf,inf,inf,inf,inf,inf,inf,inf,inf,inf,inf,inf,inf,inf,inf,inf,inf,inf,inf,inf,inf,2.319999933242798,2.319999933242798,2.312000036239624,2.328000068664551,2.3320000171661377,2.3359999656677246,2.3480000495910645,inf,inf,inf,inf,inf,inf,3.384000062942505,3.384000062942505,3.375999927520752,3.368000030517578,3.3399999141693115,2.5959999561309814,2.5959999561309814,2.5920000076293945,2.5920000076293945,2.5920000076293945,2.5920000076293945,2.5920000076293945,2.5880000591278076,2.5880000591278076,2.5880000591278076,1.722000002861023,1.722000002861023,1.7120000123977661,1.694000005722046,1.6859999895095825,1.684000015258789,1.690000057220459,1.7020000219345093,1.7059999704360962,1.8600000143051147,inf,inf,inf,inf,inf,inf,inf,inf,inf,inf,inf,inf,inf,inf,inf,inf,inf,inf,inf,inf,inf,inf,inf,inf,inf,inf,1.1480000019073486,1.1480000019073486,1.1399999856948853,1.1399999856948853,1.1640000343322754,1.1200000047683716,1.1239999532699585,inf,inf,inf,1.2039999961853027,1.2039999961853027,inf,2.315999984741211,2.315999984741211,2.319999933242798,2.328000068664551,inf,inf,inf,inf,2.328000068664551,2.328000068664551,2.3239998817443848,2.328000068664551,2.3320000171661377,2.3239998817443848,inf,inf,2.868000030517578,2.868000030517578,inf,inf,inf,inf,inf,inf,inf,inf,inf,inf,inf,inf,inf,inf,inf,inf,inf,inf,inf,inf,inf,inf,inf,inf,inf,inf,inf,inf,inf,inf,inf,inf,inf,4.880000114440918,4.880000114440918,4.863999843597412,4.863999843597412,inf,inf,inf,inf,inf,inf,inf,inf,inf,inf,3.2920000553131104,3.2920000553131104,3.2839999198913574,2.444000005722046,inf,inf,inf,inf,2.859999895095825,2.859999895095825,inf,5.656000137329102,5.656000137329102,5.631999969482422,5.631999969482422,5.584000110626221,inf,inf,inf,inf,inf,4.159999847412109,4.159999847412109,inf,inf,inf,inf,5.320000171661377,5.320000171661377,4.552000045776367,4.208000183105469,4.216000080108643,inf,3.319999933242798,3.319999933242798,3.308000087738037,3.308000087738037,3.308000087738037,3.303999900817871,3.2960000038146973,3.312000036239624,inf,inf,inf,inf,inf,inf,inf,inf,inf,inf,inf,inf,inf,inf,inf,inf,5.079999923706055,5.079999923706055,5.0879998207092285,5.0879998207092285,5.064000129699707,5.056000232696533,4.97599983215332,inf,inf,inf,inf,inf,inf,inf,inf,inf,inf,inf,inf,inf,inf,inf,3.5840001106262207,3.5840001106262207,3.563999891281128,3.563999891281128,inf,inf,inf,inf,inf,5.271999835968018,5.271999835968018,inf,inf,inf,inf,inf,inf,inf,inf,inf,inf,3.6040000915527344,3.6040000915527344,inf,inf,0.9459999799728394,0.9459999799728394,0.9380000233650208,0.9340000152587891,0.9279999732971191,
-3.1241393089294434,3.1415927410125732,0.008714509196579456,0.15000000596046448,12.0,1696619333762110160,0.3269999921321869,0.32600000500679016,0.32499998807907104,0.32499998807907104,0.3230000138282776,0.32199999690055847,0.32199999690055847,0.32100000977516174,inf,inf,inf,inf,0.8100000023841858,0.8100000023841858,0.8080000281333923,0.8059999942779541,0.800000011920929,0.7979999780654907,0.7960000038146973,0.7940000295639038,0.7900000214576721,0.7879999876022339,0.7839999794960022,0.7820000052452087,0.7799999713897705,0.777999997138977,0.7760000228881836,0.7739999890327454,0.7699999809265137,0.7699999809265137,0.7680000066757202,0.765999972820282,0.7620000243186951,0.7620000243186951,0.7599999904632568,0.7580000162124634,0.7559999823570251,0.7559999823570251,0.7540000081062317,0.7519999742507935,0.75,0.75,0.7480000257492065,0.7480000257492065,0.7459999918937683,0.7459999918937683,0.7440000176429749,0.7440000176429749,0.7440000176429749,0.7459999918937683,0.75,inf,inf,inf,inf,0.7260000109672546,0.7260000109672546,0.722000002861023,0.7200000286102295,0.7419999837875366,0.7419999837875366,0.5109999775886536,0.5199999809265137,0.5199999809265137,0.13600000739097595,0.5139999985694885,0.1340000033378601,0.5009999871253967,0.5,0.5009999871253967,0.49900001287460327,0.49900001287460327,0.5,0.5,0.5,0.5,0.4959999918937683,0.492000013589859,inf,inf,inf,inf,inf,inf,0.5299999713897705,0.5299999713897705,0.527999997138977,inf,inf,inf,1.4500000476837158,1.4500000476837158,1.4539999961853027,1.4539999961853027,1.4639999866485596,1.468000054359436,1.4839999675750732,1.4880000352859497,1.5,1.5080000162124634,1.5199999809265137,1.5260000228881836,1.5420000553131104,1.5499999523162842,1.562000036239624,1.5700000524520874,1.5800000429153442,1.5920000076293945,1.600000023841858,1.6160000562667847,1.6260000467300415,1.6460000276565552,1.656000018119812,1.6720000505447388,1.6779999732971191,inf,inf,3.0399999618530273,3.0399999618530273,3.1080000400543213,3.1080000400543213,inf,inf,4.400000095367432,4.400000095367432,4.383999824523926,4.375999927520752,inf,inf,5.616000175476074,5.616000175476074,5.599999904632568,5.599999904632568,5.599999904632568,5.624000072479248,5.599999904632568,5.567999839782715,5.567999839782715,5.5920000076293945,5.5920000076293945,5.607999801635742,5.616000175476074,5.576000213623047,5.5920000076293945,4.8480000495910645,4.800000190734863,4.76800012588501,4.776000022888184,4.751999855041504,4.74399995803833,5.631999969482422,5.631999969482422,5.664000034332275,5.664000034332275,5.656000137329102,5.664000034332275,5.688000202178955,inf,5.74399995803833,5.74399995803833,5.74399995803833,5.751999855041504,5.74399995803833,5.776000022888184,5.791999816894531,5.783999919891357,5.776000022888184,5.776000022888184,5.840000152587891,5.840000152587891,5.863999843597412,5.8480000495910645,inf,inf,inf,inf,inf,inf,5.360000133514404,5.360000133514404,5.328000068664551,5.360000133514404,5.4720001220703125,6.0960001945495605,6.104000091552734,6.184000015258789,6.199999809265137,6.208000183105469,6.263999938964844,6.288000106811523,6.328000068664551,6.3520002365112305,6.375999927520752,6.383999824523926,6.343999862670898,5.335999965667725,5.432000160217285,6.056000232696533,inf,inf,3.6480000019073486,3.6480000019073486,3.6440000534057617,3.6440000534057617,inf,7.056000232696533,7.056000232696533,7.007999897003174,7.007999897003174,6.079999923706055,6.064000129699707,6.5279998779296875,6.5279998779296875,6.552000045776367,6.552000045776367,4.440000057220459,4.440000057220459,inf,inf,0.7300000190734863,0.7300000190734863,0.7279999852180481,0.7279999852180481,0.7300000190734863,0.7279999852180481,0.7239999771118164,0.722000002861023,0.7200000286102295,0.7200000286102295,0.7200000286102295,0.7200000286102295,0.722000002861023,0.7200000286102295,0.722000002861023,0.722000002861023,0.7239999771118164,inf,inf,inf,inf,inf,3.3399999141693115,3.3399999141693115,3.2799999713897705,3.25600004196167,3.2079999446868896,3.171999931335449,3.111999988555908,3.0920000076293945,3.052000045776367,3.0199999809265137,2.9639999866485596,2.944000005722046,2.9119999408721924,2.871999979019165,2.888000011444092,2.8959999084472656,2.9079999923706055,2.9240000247955322,2.947999954223633,2.9600000381469727,2.9839999675750732,2.992000102996826,3.0,3.01200008392334,3.0199999809265137,0.8140000104904175,0.8140000104904175,0.8040000200271606,0.8040000200271606,0.7979999780654907,0.7940000295639038,0.7940000295639038,0.7919999957084656,0.7919999957084656,0.7940000295639038,0.7919999957084656,0.7919999957084656,0.7919999957084656,0.7919999957084656,0.7919999957084656,0.7940000295639038,0.7979999780654907,inf,inf,inf,inf,3.068000078201294,3.068000078201294,3.055999994277954,3.055999994277954,3.0239999294281006,3.0239999294281006,3.0280001163482666,3.0199999809265137,3.007999897003174,3.003999948501587,3.0399999618530273,3.072000026702881,3.0959999561309814,3.1600000858306885,3.2039999961853027,3.2679998874664307,3.299999952316284,3.3959999084472656,3.427999973297119,3.503999948501587,6.3520002365112305,6.311999797821045,6.311999797821045,6.056000232696533,6.056000232696533,6.935999870300293,6.935999870300293,7.0320000648498535,7.0879998207092285,inf,inf,inf,inf,inf,inf,6.895999908447266,6.895999908447266,7.0,6.992000102996826,6.840000152587891,6.760000228881836,6.559999942779541,6.4720001220703125,6.4720001220703125,6.4720001220703125,6.48799991607666,6.480000019073486,inf,7.119999885559082,7.119999885559082,7.136000156402588,7.136000156402588,2.7279999256134033,2.7279999256134033,2.7279999256134033,2.7320001125335693,inf,inf,1.1460000276565552,1.1460000276565552,1.1160000562667847,1.1039999723434448,1.1080000400543213,1.1200000047683716,1.0980000495910645,1.0880000591278076,1.0839999914169312,1.0820000171661377,1.0740000009536743,1.0679999589920044,1.059999942779541,1.0579999685287476,1.0520000457763672,1.0460000038146973,0.9779999852180481,0.972000002861023,0.9639999866485596,0.9520000219345093,0.9480000138282776,0.9440000057220459,0.9959999918937683,0.9959999918937683,1.0140000581741333,1.0160000324249268,1.0240000486373901,1.0299999713897705,1.0479999780654907,1.055999994277954,1.062000036239624,1.0839999914169312,1.1959999799728394,1.1959999799728394,1.1740000247955322,1.1699999570846558,1.1779999732971191,1.1859999895095825,inf,inf,inf,inf,inf,inf,5.863999843597412,5.863999843597412,5.76800012588501,5.76800012588501,5.664000034332275,5.552000045776367,3.671999931335449,3.671999931335449,3.6600000858306885,3.6519999504089355,3.6640000343322754,3.6640000343322754,3.6600000858306885,3.6600000858306885,3.6600000858306885,4.271999835968018,4.271999835968018,4.271999835968018,4.271999835968018,4.288000106811523,4.343999862670898,4.631999969482422,4.624000072479248,4.624000072479248,4.584000110626221,4.559999942779541,4.519999980926514,1.6480000019073486,1.6480000019073486,1.6419999599456787,1.6360000371932983,1.6419999599456787,1.6480000019073486,4.263999938964844,4.263999938964844,4.239999771118164,inf,4.1519999504089355,4.1519999504089355,inf,inf,inf,inf,inf,inf,inf,inf,inf,inf,inf,inf,inf,2.3239998817443848,2.3239998817443848,inf,inf,inf,inf,inf,inf,inf,inf,inf,inf,inf,inf,inf,inf,inf,inf,inf,inf,inf,2.4719998836517334,2.4719998836517334,inf,inf,inf,inf,inf,inf,2.3519999980926514,2.3519999980926514,2.359999895095825,2.364000082015991,2.3559999465942383,2.3480000495910645,2.371999979019165,2.384000062942505,inf,inf,inf,inf,3.4240000247955322,3.4240000247955322,3.4240000247955322,3.4200000762939453,3.4159998893737793,3.3959999084472656,2.6559998989105225,2.6559998989105225,2.6519999504089355,2.6480000019073486,2.6440000534057617,2.6440000534057617,2.6440000534057617,2.6440000534057617,2.6440000534057617,2.635999917984009,1.781999945640564,1.781999945640564,1.7680000066757202,1.7599999904632568,1.7419999837875366,1.74399995803833,1.7480000257492065,1.753999948501587,1.7619999647140503,1.7699999809265137,inf,inf,inf,inf,inf,inf,inf,inf,inf,inf,inf,inf,inf,inf,inf,inf,inf,inf,inf,inf,inf,inf,inf,inf,inf,1.2059999704360962,1.2059999704360962,1.2000000476837158,1.2000000476837158,1.2059999704360962,1.1959999799728394,inf,inf,inf,2.384000062942505,2.384000062942505,2.380000114440918,2.380000114440918,2.380000114440918,2.380000114440918,2.380000114440918,2.380000114440918,inf,inf,inf,inf,inf,2.388000011444092,2.388000011444092,2.384000062942505,2.375999927520752,inf,inf,inf,inf,inf,inf,inf,inf,inf,inf,inf,inf,inf,inf,inf,inf,inf,inf,inf,inf,inf,inf,inf,inf,inf,inf,inf,inf,3.864000082015991,3.864000082015991,inf,inf,inf,inf,inf,inf,inf,inf,inf,inf,inf,inf,inf,inf,inf,inf,inf,inf,inf,inf,inf,3.3359999656677246,3.3359999656677246,2.4760000705718994,2.4719998836517334,2.4719998836517334,2.552000045776367,2.552000045776367,inf,2.9200000762939453,2.9200000762939453,2.9079999923706055,2.9079999923706055,5.688000202178955,5.688000202178955,5.671999931335449,5.671999931335449,5.6479997634887695,5.616000175476074,5.559999942779541,inf,4.176000118255615,4.176000118255615,inf,inf,5.0,5.0,4.656000137329102,4.656000137329102,4.288000106811523,4.288000106811523,4.239999771118164,4.239999771118164,5.311999797821045,5.311999797821045,4.831999778747559,4.831999778747559,5.0,3.3480000495910645,3.3559999465942383,3.3559999465942383,3.3399999141693115,inf,3.328000068664551,3.328000068664551,inf,inf,inf,inf,inf,inf,inf,inf,inf,inf,inf,5.168000221252441,5.168000221252441,5.119999885559082,5.119999885559082,5.111999988555908,5.0960001945495605,5.079999923706055,5.072000026702881,5.0320000648498535,inf,3.9079999923706055,3.9079999923706055,3.940000057220459,3.9040000438690186,3.9119999408721924,3.9119999408721924,inf,inf,inf,inf,3.9600000381469727,3.9600000381469727,inf,inf,inf,inf,3.5840001106262207,3.5840001106262207,3.5360000133514404,inf,inf,inf,5.199999809265137,5.199999809265137,5.199999809265137,5.216000080108643,inf,inf,inf,inf,inf,inf,inf,inf,0.36800000071525574,0.36800000071525574,0.33399999141693115,0.3319999873638153,0.3319999873638153,0.33000001311302185,0.33000001311302185,0.3319999873638153,0.33000001311302185,0.3269999921321869,0.3269999921321869,
-3.1241393089294434,3.1415927410125732,0.008714509196579456,0.15000000596046448,12.0,1696619333897452420,0.8579999804496765,0.8539999723434448,0.8500000238418579,0.8479999899864197,0.8420000076293945,0.8399999737739563,0.8360000252723694,0.8320000171661377,0.828000009059906,0.8259999752044678,0.8199999928474426,0.8180000185966492,0.8140000104904175,0.8119999766349792,0.7760000228881836,0.7720000147819519,0.7699999809265137,0.765999972820282,0.7639999985694885,0.7620000243186951,0.7599999904632568,0.7559999823570251,0.7540000081062317,0.7519999742507935,0.75,0.7459999918937683,0.7459999918937683,0.7419999837875366,0.7400000095367432,0.7379999756813049,0.7379999756813049,0.734000027179718,0.734000027179718,0.7319999933242798,0.7300000190734863,0.7279999852180481,0.7260000109672546,0.7239999771118164,0.7239999771118164,0.722000002861023,0.7200000286102295,0.7200000286102295,0.7179999947547913,0.7160000205039978,0.7160000205039978,0.7139999866485596,0.7139999866485596,0.7139999866485596,0.7139999866485596,0.7179999947547913,0.722000002861023,0.7239999771118164,inf,inf,inf,0.6980000138282776,0.6980000138282776,0.7580000162124634,0.7580000162124634,0.7799999713897705,0.7799999713897705,0.8019999861717224,0.8259999752044678,0.8519999980926514,0.13500000536441803,0.13500000536441803,0.13500000536441803,0.13199999928474426,0.13199999928474426,inf,inf,1.312000036239624,1.312000036239624,1.3079999685287476,1.315999984741211,1.315999984741211,1.3259999752044678,1.3320000171661377,1.3380000591278076,1.3380000591278076,1.3380000591278076,inf,inf,inf,inf,inf,inf,1.4199999570846558,1.4199999570846558,1.4160000085830688,1.4160000085830688,1.4240000247955322,1.4279999732971191,1.440000057220459,1.444000005722046,1.4559999704360962,1.4620000123977661,1.472000002861023,1.4819999933242798,1.49399995803833,1.5,1.5119999647140503,1.5199999809265137,1.5260000228881836,1.5420000553131104,1.5479999780654907,1.5640000104904175,1.5700000524520874,1.5920000076293945,1.600000023841858,1.6160000562667847,1.6239999532699585,1.6399999856948853,inf,inf,2.992000102996826,2.992000102996826,3.0360000133514404,3.0360000133514404,inf,inf,inf,inf,inf,inf,inf,inf,inf,inf,5.567999839782715,5.567999839782715,5.559999942779541,5.544000148773193,5.544000148773193,5.559999942779541,5.559999942779541,5.552000045776367,5.504000186920166,5.504000186920166,5.544000148773193,5.544000148773193,5.552000045776367,5.544000148773193,4.776000022888184,4.776000022888184,4.664000034332275,4.664000034332275,4.679999828338623,4.6479997634887695,4.696000099182129,5.576000213623047,5.48799991607666,5.48799991607666,5.584000110626221,5.599999904632568,5.616000175476074,5.631999969482422,inf,5.664000034332275,5.664000034332275,5.679999828338623,5.671999931335449,5.751999855041504,5.74399995803833,5.751999855041504,inf,5.776000022888184,5.776000022888184,5.783999919891357,5.783999919891357,5.808000087738037,5.815999984741211,inf,inf,inf,inf,inf,inf,5.368000030517578,5.368000030517578,5.28000020980835,5.25600004196167,6.02400016784668,6.02400016784668,6.039999961853027,6.064000129699707,6.0960001945495605,6.159999847412109,6.191999912261963,6.239999771118164,6.25600004196167,6.25600004196167,6.296000003814697,6.375999927520752,6.320000171661377,5.400000095367432,5.992000102996826,5.992000102996826,inf,inf,3.572000026702881,3.572000026702881,3.568000078201294,3.572000026702881,3.572000026702881,inf,6.943999767303467,6.943999767303467,6.895999908447266,6.0,5.984000205993652,inf,6.368000030517578,6.368000030517578,4.392000198364258,4.392000198364258,4.383999824523926,4.383999824523926,7.576000213623047,7.5920000076293945,7.599999904632568,7.607999801635742,7.607999801635742,inf,inf,inf,inf,inf,inf,6.519999980926514,6.519999980926514,6.544000148773193,6.544000148773193,6.519999980926514,6.495999813079834,inf,inf,inf,inf,inf,inf,3.315999984741211,3.315999984741211,3.2799999713897705,3.259999990463257,3.2119998931884766,3.1760001182556152,3.115999937057495,3.0959999561309814,3.052000045776367,3.0199999809265137,0.8880000114440918,inf,0.8840000033378601,0.8840000033378601,0.8880000114440918,0.8880000114440918,0.8840000033378601,0.8820000290870667,0.8840000033378601,0.8859999775886536,0.8880000114440918,0.8880000114440918,0.8899999856948853,0.8920000195503235,inf,inf,3.0199999809265137,3.0199999809265137,3.0239999294281006,3.0320000648498535,3.0439999103546143,3.0799999237060547,0.828000009059906,0.828000009059906,0.777999997138977,0.7699999809265137,0.7699999809265137,0.7599999904632568,0.7599999904632568,0.7599999904632568,0.7620000243186951,0.7699999809265137,0.7599999904632568,inf,inf,inf,inf,inf,0.7519999742507935,0.7519999742507935,inf,inf,3.003999948501587,3.003999948501587,2.996000051498413,2.996000051498413,2.98799991607666,2.9719998836517334,0.13500000536441803,0.13300000131130219,3.0759999752044678,3.135999917984009,3.1760001182556152,3.252000093460083,3.2799999713897705,3.371999979019165,3.4159998893737793,3.48799991607666,6.320000171661377,6.28000020980835,6.28000020980835,6.895999908447266,6.895999908447266,7.039999961853027,7.039999961853027,inf,inf,inf,inf,inf,inf,6.895999908447266,6.895999908447266,6.952000141143799,6.952000141143799,6.992000102996826,6.9120001792907715,6.71999979019165,6.671999931335449,6.4720001220703125,6.4720001220703125,6.480000019073486,6.480000019073486,6.480000019073486,6.48799991607666,7.119999885559082,7.136000156402588,7.136000156402588,7.136000156402588,7.127999782562256,2.7279999256134033,2.7160000801086426,2.7160000801086426,2.7200000286102295,2.299999952316284,2.2960000038146973,2.2960000038146973,inf,inf,inf,1.1319999694824219,1.1319999694824219,1.1059999465942383,1.0980000495910645,1.1080000400543213,1.1139999628067017,1.093999981880188,1.0859999656677246,1.0820000171661377,1.0779999494552612,1.0720000267028809,1.065999984741211,1.059999942779541,1.0579999685287476,1.0520000457763672,1.0460000038146973,1.0260000228881836,0.9980000257492065,0.9739999771118164,0.9679999947547913,0.9559999704360962,0.9520000219345093,0.9480000138282776,0.9980000257492065,1.0140000581741333,1.0160000324249268,1.0299999713897705,1.0360000133514404,1.0440000295639038,1.0700000524520874,1.0800000429153442,1.1119999885559082,inf,inf,inf,inf,inf,inf,5.97599983215332,5.97599983215332,5.880000114440918,5.880000114440918,5.751999855041504,5.664000034332275,5.455999851226807,5.4079999923706055,3.691999912261963,3.691999912261963,3.6679999828338623,3.687999963760376,3.684000015258789,3.684000015258789,3.6640000343322754,3.6640000343322754,3.6679999828338623,3.696000099182129,4.28000020980835,4.28000020980835,4.28000020980835,4.303999900817871,4.656000137329102,4.656000137329102,4.631999969482422,4.616000175476074,4.584000110626221,4.567999839782715,4.5279998779296875,4.495999813079834,1.6779999732971191,inf,1.6699999570846558,1.6699999570846558,1.6640000343322754,1.6699999570846558,inf,inf,inf,inf,inf,inf,inf,inf,inf,inf,inf,inf,inf,inf,inf,inf,inf,inf,inf,inf,inf,inf,inf,inf,inf,inf,inf,inf,inf,inf,inf,inf,inf,inf,inf,inf,inf,inf,inf,inf,inf,inf,inf,inf,inf,2.4079999923706055,2.4079999923706055,2.3959999084472656,2.4119999408721924,2.4079999923706055,2.4079999923706055,2.3959999084472656,2.4079999923706055,2.427999973297119,inf,inf,inf,3.4600000381469727,3.4600000381469727,3.4560000896453857,3.4560000896453857,3.4560000896453857,3.447999954223633,2.7039999961853027,2.7039999961853027,2.700000047683716,2.700000047683716,2.696000099182129,2.691999912261963,2.691999912261963,2.691999912261963,2.691999912261963,2.691999912261963,2.687999963760376,inf,1.8320000171661377,1.8320000171661377,1.809999942779541,1.8040000200271606,1.8020000457763672,1.8020000457763672,1.8079999685287476,1.815999984741211,inf,inf,inf,inf,inf,inf,inf,inf,inf,inf,inf,inf,inf,inf,inf,inf,inf,inf,inf,inf,inf,inf,inf,inf,inf,1.2619999647140503,1.2619999647140503,1.25600004196167,1.25600004196167,1.2599999904632568,1.2519999742507935,inf,inf,inf,2.444000005722046,2.444000005722046,2.447999954223633,2.447999954223633,2.440000057220459,2.440000057220459,2.440000057220459,2.431999921798706,inf,inf,inf,2.4200000762939453,2.4200000762939453,2.440000057220459,2.440000057220459,inf,inf,inf,inf,inf,inf,inf,inf,inf,inf,inf,inf,inf,inf,inf,inf,inf,inf,inf,inf,inf,inf,inf,inf,inf,inf,inf,inf,inf,inf,inf,inf,inf,inf,inf,inf,inf,4.559999942779541,4.559999942779541,inf,inf,inf,inf,inf,inf,inf,inf,inf,inf,4.111999988555908,4.111999988555908,inf,inf,inf,2.503999948501587,2.503999948501587,2.503999948501587,inf,inf,2.9800000190734863,2.9800000190734863,3.003999948501587,2.996000051498413,5.176000118255615,5.176000118255615,5.248000144958496,5.736000061035156,5.696000099182129,5.671999931335449,5.656000137329102,5.6479997634887695,4.223999977111816,4.223999977111816,inf,inf,5.144000053405762,5.144000053405762,5.127999782562256,4.696000099182129,inf,inf,4.28000020980835,4.28000020980835,4.25600004196167,4.616000175476074,5.288000106811523,5.288000106811523,4.960000038146973,4.960000038146973,5.288000106811523,5.288000106811523,inf,inf,inf,5.144000053405762,5.144000053405762,5.072000026702881,5.072000026702881,5.007999897003174,inf,inf,inf,inf,inf,inf,inf,5.303999900817871,5.303999900817871,5.28000020980835,5.28000020980835,5.239999771118164,5.119999885559082,5.111999988555908,5.079999923706055,5.0879998207092285,5.072000026702881,5.0960001945495605,4.303999900817871,inf,inf,inf,inf,inf,inf,inf,0.37299999594688416,0.37299999594688416,0.36899998784065247,0.36899998784065247,0.36800000071525574,0.36800000071525574,0.36899998784065247,0.3659999966621399,0.3630000054836273,0.3630000054836273,0.3619999885559082,0.36000001430511475,0.3529999852180481,inf,inf,inf,inf,inf,inf,inf,0.36399999260902405,0.36399999260902405,inf,0.3619999885559082,0.3619999885559082,0.3610000014305115,0.3619999885559082,0.36399999260902405,0.3659999966621399,0.36899998784065247,0.3709999918937683,0.3779999911785126,0.38199999928474426,inf,inf,inf,inf,inf,
-3.1241393089294434,3.1415927410125732,0.008714509196579456,0.15000000596046448,12.0,1696619334032414423,0.828000009059906,0.8220000267028809,0.8159999847412109,0.8140000104904175,0.8080000281333923,0.8059999942779541,0.8040000200271606,0.7979999780654907,0.7960000038146973,0.7919999957084656,0.7860000133514404,0.7839999794960022,0.7820000052452087,0.7440000176429749,0.7419999837875366,0.7379999756813049,0.7360000014305115,0.7319999933242798,0.7300000190734863,0.7279999852180481,0.7260000109672546,0.722000002861023,0.722000002861023,0.7179999947547913,0.7160000205039978,0.7120000123977661,0.7120000123977661,0.7099999785423279,0.7080000042915344,0.7059999704360962,0.7039999961853027,0.7020000219345093,0.699999988079071,0.6980000138282776,0.6980000138282776,0.6959999799728394,0.6940000057220459,0.6919999718666077,0.6919999718666077,0.6899999976158142,0.6880000233650208,0.6880000233650208,0.6859999895095825,0.6859999895095825,0.6840000152587891,0.6840000152587891,0.6819999814033508,0.6800000071525574,0.6779999732971191,0.6880000233650208,0.7200000286102295,inf,inf,inf,inf,inf,0.843999981880188,0.843999981880188,0.9200000166893005,0.9200000166893005,0.9459999799728394,1.0,1.0299999713897705,1.059999942779541,1.0920000076293945,0.13500000536441803,0.13300000131130219,0.13199999928474426,1.2699999809265137,1.2760000228881836,1.2799999713897705,1.281999945640564,1.2899999618530273,1.2960000038146973,1.3040000200271606,1.305999994277954,1.3140000104904175,1.3179999589920044,1.3200000524520874,1.3240000009536743,1.3220000267028809,inf,inf,inf,inf,inf,inf,1.399999976158142,1.399999976158142,1.399999976158142,1.399999976158142,1.4040000438690186,1.4140000343322754,1.4220000505447388,1.4279999732971191,1.434000015258789,1.4459999799728394,1.4539999961853027,1.4639999866485596,1.4700000286102295,1.4880000352859497,1.4919999837875366,1.503999948501587,1.5099999904632568,1.5180000066757202,1.531999945640564,1.5440000295639038,1.559999942779541,1.5679999589920044,1.5820000171661377,1.5880000591278076,inf,inf,inf,inf,inf,inf,inf,inf,4.616000175476074,4.616000175476074,4.664000034332275,4.664000034332275,inf,inf,inf,5.440000057220459,5.440000057220459,5.455999851226807,5.495999813079834,5.504000186920166,5.51200008392334,5.4720001220703125,5.464000225067139,5.51200008392334,5.504000186920166,5.51200008392334,5.480000019073486,5.455999851226807,5.480000019073486,5.504000186920166,5.504000186920166,5.48799991607666,4.696000099182129,4.679999828338623,4.6479997634887695,4.624000072479248,4.607999801635742,4.664000034332275,4.664000034332275,5.504000186920166,5.504000186920166,5.4079999923706055,5.504000186920166,5.5279998779296875,5.552000045776367,5.552000045776367,5.599999904632568,5.607999801635742,5.607999801635742,5.607999801635742,5.624000072479248,5.624000072479248,5.656000137329102,5.688000202178955,5.696000099182129,5.760000228881836,5.760000228881836,5.783999919891357,5.783999919891357,5.760000228881836,5.808000087738037,inf,inf,inf,inf,inf,inf,5.28000020980835,5.28000020980835,5.199999809265137,5.168000221252441,5.328000068664551,5.943999767303467,5.9679999351501465,5.97599983215332,6.02400016784668,6.039999961853027,6.079999923706055,6.0960001945495605,6.1519999504089355,6.191999912261963,6.25600004196167,6.263999938964844,6.25600004196167,inf,5.935999870300293,5.935999870300293,inf,inf,3.5320000648498535,3.5320000648498535,3.5280001163482666,3.5280001163482666,3.51200008392334,3.496000051498413,inf,6.920000076293945,6.920000076293945,5.935999870300293,5.935999870300293,6.02400016784668,inf,6.415999889373779,6.415999889373779,4.360000133514404,4.360000133514404,4.335999965667725,4.335999965667725,7.567999839782715,7.504000186920166,7.400000095367432,7.400000095367432,7.495999813079834,inf,inf,inf,inf,inf,inf,inf,inf,inf,6.6479997634887695,6.6479997634887695,inf,inf,inf,inf,7.056000232696533,7.056000232696533,inf,inf,3.247999906539917,3.247999906539917,3.2039999961853027,3.1760001182556152,3.135999917984009,3.0880000591278076,3.0360000133514404,3.003999948501587,2.9639999866485596,2.944000005722046,2.9119999408721924,2.880000114440918,2.8519999980926514,2.815999984741211,2.799999952316284,2.803999900817871,2.815999984741211,2.8399999141693115,2.8440001010894775,2.859999895095825,2.868000030517578,2.880000114440918,2.888000011444092,2.9040000438690186,2.9159998893737793,2.940000057220459,2.9560000896453857,2.9839999675750732,2.992000102996826,3.01200008392334,3.0199999809265137,3.0480000972747803,3.063999891281128,3.0759999752044678,1.0219999551773071,1.0219999551773071,1.0080000162124634,1.0,0.9980000257492065,1.0080000162124634,inf,inf,inf,inf,inf,inf,0.7179999947547913,0.7179999947547913,0.7239999771118164,0.7239999771118164,0.7279999852180481,0.7279999852180481,0.7279999852180481,0.7279999852180481,0.7300000190734863,0.7300000190734863,0.13500000536441803,0.13300000131130219,inf,3.115999937057495,3.115999937057495,3.1519999504089355,3.1519999504089355,3.2360000610351562,3.2720000743865967,3.368000030517578,3.4119999408721924,6.263999938964844,6.263999938964844,inf,inf,inf,inf,inf,inf,inf,inf,6.800000190734863,6.800000190734863,6.9120001792907715,6.9120001792907715,6.943999767303467,6.960000038146973,6.960000038146973,6.960000038146973,6.9120001792907715,6.711999893188477,6.639999866485596,6.48799991607666,6.48799991607666,6.4720001220703125,6.480000019073486,6.480000019073486,6.480000019073486,7.127999782562256,7.127999782562256,7.136000156402588,7.127999782562256,7.111999988555908,7.127999782562256,inf,2.7160000801086426,2.7160000801086426,2.7079999446868896,inf,2.2920000553131104,2.2920000553131104,2.2839999198913574,7.335999965667725,7.335999965667725,inf,inf,1.1380000114440918,1.1380000114440918,1.1260000467300415,1.1260000467300415,1.1019999980926514,1.0959999561309814,1.093999981880188,1.1119999885559082,1.1019999980926514,1.0859999656677246,1.0820000171661377,1.0820000171661377,1.0800000429153442,1.0720000267028809,1.062000036239624,1.062000036239624,1.059999942779541,1.0540000200271606,1.0499999523162842,0.9959999918937683,0.984000027179718,0.9779999852180481,0.9679999947547913,0.9620000123977661,0.9580000042915344,0.9599999785423279,1.0420000553131104,1.0420000553131104,1.0499999523162842,inf,inf,inf,inf,inf,1.1660000085830688,1.1660000085830688,1.1759999990463257,1.1759999990463257,1.187999963760376,inf,5.455999851226807,5.455999851226807,5.4079999923706055,5.4079999923706055,3.7119998931884766,3.7119998931884766,3.687999963760376,inf,3.7079999446868896,3.7079999446868896,3.7039999961853027,3.7039999961853027,3.7079999446868896,3.752000093460083,4.303999900817871,4.303999900817871,4.311999797821045,4.3520002365112305,4.671999931335449,4.671999931335449,4.639999866485596,4.624000072479248,4.584000110626221,4.567999839782715,4.5279998779296875,4.504000186920166,inf,1.7079999446868896,1.7079999446868896,1.7000000476837158,1.7000000476837158,1.6759999990463257,inf,inf,inf,inf,inf,inf,inf,inf,inf,inf,inf,inf,inf,inf,inf,inf,inf,inf,2.3919999599456787,2.3919999599456787,inf,inf,inf,inf,inf,inf,inf,inf,inf,inf,inf,inf,inf,inf,inf,inf,inf,inf,inf,inf,inf,2.4760000705718994,2.4760000705718994,2.4519999027252197,2.4560000896453857,2.4560000896453857,2.4639999866485596,2.4800000190734863,2.4760000705718994,2.447999954223633,2.4519999027252197,2.4679999351501465,2.4679999351501465,2.492000102996826,2.51200008392334,inf,inf,3.51200008392334,3.51200008392334,3.507999897003174,3.507999897003174,3.503999948501587,inf,2.7799999713897705,2.7799999713897705,2.7679998874664307,2.740000009536743,2.7360000610351562,2.740000009536743,2.7320001125335693,2.7360000610351562,2.7360000610351562,2.7320001125335693,2.74399995803833,1.878000020980835,1.878000020980835,1.871999979019165,1.8639999628067017,1.8580000400543213,1.8539999723434448,1.8619999885559082,inf,inf,inf,inf,inf,inf,inf,inf,inf,inf,inf,inf,inf,inf,inf,inf,inf,inf,inf,inf,inf,inf,inf,inf,inf,1.3220000267028809,1.3220000267028809,1.3240000009536743,1.3240000009536743,1.3259999752044678,1.3300000429153442,1.2879999876022339,2.5239999294281006,2.5239999294281006,2.507999897003174,2.507999897003174,2.503999948501587,2.503999948501587,2.503999948501587,2.503999948501587,2.507999897003174,2.492000102996826,inf,inf,inf,2.4719998836517334,2.4719998836517334,2.4839999675750732,2.4839999675750732,inf,inf,inf,inf,inf,inf,inf,inf,inf,inf,inf,inf,inf,inf,inf,inf,inf,inf,inf,inf,inf,inf,inf,inf,inf,inf,inf,inf,inf,inf,inf,inf,inf,inf,inf,4.552000045776367,4.552000045776367,4.584000110626221,2.259999990463257,2.259999990463257,2.315999984741211,2.315999984741211,inf,inf,inf,inf,inf,inf,inf,inf,inf,inf,2.559999942779541,2.559999942779541,2.624000072479248,2.624000072479248,2.6640000343322754,3.0280001163482666,inf,3.0480000972747803,3.0480000972747803,5.208000183105469,5.208000183105469,5.432000160217285,5.432000160217285,5.751999855041504,5.751999855041504,5.728000164031982,5.71999979019165,5.703999996185303,inf,4.335999965667725,4.335999965667725,5.184000015258789,5.184000015258789,5.184000015258789,5.184000015258789,4.728000164031982,inf,4.311999797821045,4.311999797821045,4.320000171661377,inf,4.927999973297119,4.927999973297119,4.935999870300293,4.935999870300293,5.039999961853027,5.1479997634887695,3.431999921798706,3.431999921798706,3.4519999027252197,3.4519999027252197,5.25600004196167,5.25600004196167,5.191999912261963,5.191999912261963,5.0320000648498535,inf,inf,inf,inf,inf,inf,inf,inf,inf,inf,inf,0.3959999978542328,0.3959999978542328,0.3959999978542328,0.3959999978542328,0.4000000059604645,0.4020000100135803,0.4009999930858612,0.39899998903274536,0.3959999978542328,0.39500001072883606,0.3919999897480011,0.39100000262260437,0.3889999985694885,0.3880000114440918,0.38600000739097595,0.38499999046325684,0.3840000033378601,0.382999986410141,0.38100001215934753,0.38100001215934753,0.382999986410141,0.3840000033378601,0.38600000739097595,0.3869999945163727,0.3889999985694885,0.39100000262260437,0.3930000066757202,0.39899998903274536,0.4000000059604645,0.40299999713897705,inf,inf,inf,inf,inf,inf,inf,inf,inf,inf,inf,inf,inf,0.8880000114440918,0.8880000114440918,0.871999979019165,0.8679999709129333,0.8579999804496765,0.8560000061988831,0.8500000238418579,0.843999981880188,0.8399999737739563,0.8379999995231628,0.8299999833106995,
-3.1241393089294434,3.1415927410125732,0.008714509196579456,0.15000000596046448,12.0,1696619334167065575,0.7900000214576721,0.7879999876022339,0.7839999794960022,0.7799999713897705,0.7760000228881836,0.7699999809265137,0.765999972820282,0.7639999985694885,0.7620000243186951,0.7580000162124634,0.7540000081062317,0.75,0.75,0.7099999785423279,0.7059999704360962,0.7039999961853027,0.699999988079071,0.6980000138282776,0.6959999799728394,0.6940000057220459,0.6899999976158142,0.6899999976158142,0.6859999895095825,0.6859999895095825,0.6819999814033508,0.6800000071525574,0.6779999732971191,0.6779999732971191,0.6740000247955322,0.6740000247955322,0.671999990940094,0.6700000166893005,0.6679999828338623,0.6679999828338623,0.6660000085830688,0.6639999747276306,0.6620000004768372,0.6660000085830688,0.6639999747276306,0.6639999747276306,0.6700000166893005,0.6899999976158142,0.699999988079071,0.7099999785423279,0.734000027179718,0.7459999918937683,0.7699999809265137,0.7839999794960022,0.800000011920929,0.8379999995231628,0.8560000061988831,inf,inf,inf,1.0019999742507935,1.0019999742507935,1.0299999713897705,1.0299999713897705,1.0920000076293945,1.0920000076293945,1.121999979019165,1.184000015258789,1.2319999933242798,0.1340000033378601,0.1340000033378601,1.2480000257492065,0.13300000131130219,1.25,1.2599999904632568,1.2619999647140503,1.2680000066757202,1.2719999551773071,1.2760000228881836,1.2799999713897705,1.2879999876022339,1.2920000553131104,1.2979999780654907,1.3020000457763672,1.305999994277954,1.305999994277954,1.3040000200271606,inf,inf,inf,inf,inf,inf,1.4040000438690186,1.4040000438690186,1.3799999952316284,1.3819999694824219,1.3860000371932983,1.3960000276565552,1.4019999504089355,1.4119999408721924,1.4179999828338623,1.4279999732971191,1.434000015258789,1.4479999542236328,1.4520000219345093,1.465999960899353,1.472000002861023,1.4880000352859497,1.4980000257492065,1.503999948501587,1.5180000066757202,1.5240000486373901,1.5360000133514404,inf,inf,inf,inf,inf,inf,inf,inf,inf,inf,inf,4.584000110626221,4.584000110626221,4.576000213623047,4.584000110626221,5.447999954223633,5.447999954223633,5.432000160217285,5.455999851226807,5.440000057220459,5.455999851226807,5.447999954223633,5.455999851226807,5.455999851226807,5.4079999923706055,5.400000095367432,5.504000186920166,5.464000225067139,5.423999786376953,5.447999954223633,5.392000198364258,5.432000160217285,5.440000057220459,5.440000057220459,4.639999866485596,4.639999866485596,4.616000175476074,4.576000213623047,4.576000213623047,4.576000213623047,4.584000110626221,5.4720001220703125,5.432000160217285,5.432000160217285,5.368000030517578,5.447999954223633,5.464000225067139,5.4720001220703125,5.464000225067139,5.48799991607666,5.504000186920166,5.504000186920166,5.51200008392334,5.535999774932861,5.544000148773193,5.567999839782715,5.5920000076293945,5.639999866485596,5.664000034332275,5.664000034332275,5.688000202178955,5.688000202178955,5.703999996185303,5.711999893188477,inf,inf,inf,inf,inf,inf,5.199999809265137,5.199999809265137,5.127999782562256,5.079999923706055,5.223999977111816,5.9039998054504395,5.9039998054504395,5.9120001792907715,5.927999973297119,5.943999767303467,6.0,6.015999794006348,6.056000232696533,6.079999923706055,6.136000156402588,6.184000015258789,6.239999771118164,6.079999923706055,5.9039998054504395,5.9039998054504395,3.4639999866485596,3.4639999866485596,3.4719998836517334,3.4719998836517334,3.4800000190734863,3.4800000190734863,3.4719998836517334,inf,inf,6.895999908447266,6.895999908447266,5.888000011444092,5.888000011444092,5.895999908447266,inf,6.328000068664551,6.328000068664551,6.311999797821045,4.296000003814697,4.288000106811523,4.288000106811523,7.495999813079834,7.455999851226807,7.423999786376953,7.423999786376953,7.3520002365112305,7.664000034332275,7.519999980926514,inf,6.671999931335449,6.671999931335449,6.552000045776367,6.552000045776367,6.447999954223633,6.447999954223633,6.415999889373779,6.3520002365112305,6.343999862670898,4.320000171661377,4.28000020980835,4.271999835968018,4.288000106811523,inf,inf,inf,3.2079999446868896,3.2079999446868896,3.171999931335449,3.171999931335449,3.1080000400543213,3.0880000591278076,3.052000045776367,3.0199999809265137,2.9639999866485596,2.944000005722046,2.9079999923706055,2.880000114440918,2.8320000171661377,2.815999984741211,2.7760000228881836,2.7839999198913574,2.752000093460083,2.75600004196167,2.7679998874664307,2.7799999713897705,2.7880001068115234,2.815999984741211,2.828000068664551,2.8519999980926514,2.859999895095825,2.875999927520752,2.880000114440918,2.9000000953674316,2.9119999408721924,2.940000057220459,2.947999954223633,2.9760000705718994,2.98799991607666,3.0160000324249268,3.0239999294281006,3.059999942779541,3.0799999237060547,3.068000078201294,3.0439999103546143,inf,inf,inf,inf,inf,inf,inf,inf,0.7200000286102295,0.7200000286102295,0.7120000123977661,0.7120000123977661,0.7080000042915344,0.7080000042915344,0.7059999704360962,0.7059999704360962,0.13500000536441803,0.7020000219345093,0.7020000219345093,0.13199999928474426,0.7020000219345093,0.7020000219345093,0.7020000219345093,0.7020000219345093,0.7020000219345093,0.7020000219345093,0.7039999961853027,inf,inf,inf,inf,inf,inf,inf,inf,inf,inf,inf,inf,inf,6.8480000495910645,6.8480000495910645,6.943999767303467,6.943999767303467,6.920000076293945,6.9120001792907715,6.927999973297119,6.728000164031982,6.6479997634887695,6.567999839782715,6.455999851226807,6.455999851226807,6.455999851226807,6.455999851226807,6.480000019073486,6.464000225067139,7.079999923706055,7.079999923706055,7.136000156402588,7.127999782562256,7.111999988555908,7.136000156402588,7.176000118255615,7.176000118255615,2.7160000801086426,2.7160000801086426,2.7039999961853027,2.7039999961853027,2.2839999198913574,2.2839999198913574,2.2839999198913574,2.2839999198913574,inf,7.328000068664551,7.328000068664551,inf,inf,inf,inf,1.1380000114440918,1.1380000114440918,1.1260000467300415,1.1260000467300415,1.1039999723434448,1.0980000495910645,1.1019999980926514,1.1139999628067017,1.0980000495910645,1.090000033378601,1.0859999656677246,1.0839999914169312,1.0800000429153442,1.0779999494552612,1.0679999589920044,1.0679999589920044,1.0640000104904175,1.062000036239624,1.0579999685287476,1.055999994277954,1.0140000581741333,1.0080000162124634,1.003999948501587,inf,inf,inf,inf,inf,inf,inf,1.0640000104904175,1.0640000104904175,1.0779999494552612,1.2120000123977661,1.2079999446868896,1.2079999446868896,1.2059999704360962,1.2139999866485596,inf,inf,3.7279999256134033,3.7279999256134033,3.7279999256134033,inf,3.7320001125335693,3.7320001125335693,3.7320001125335693,3.7320001125335693,3.740000009536743,4.328000068664551,4.328000068664551,4.335999965667725,4.368000030517578,4.736000061035156,4.696000099182129,4.696000099182129,4.639999866485596,4.624000072479248,4.584000110626221,4.567999839782715,4.535999774932861,4.51200008392334,4.415999889373779,4.415999889373779,inf,inf,inf,inf,inf,inf,inf,inf,inf,inf,inf,inf,inf,inf,inf,inf,inf,inf,inf,inf,inf,inf,inf,inf,inf,inf,inf,inf,inf,inf,inf,inf,inf,inf,2.7720000743865967,2.7720000743865967,2.7920000553131104,2.7920000553131104,inf,inf,inf,inf,inf,inf,2.5160000324249268,2.5160000324249268,2.503999948501587,2.503999948501587,2.507999897003174,2.507999897003174,2.5,2.507999897003174,2.5,2.496000051498413,2.503999948501587,2.5280001163482666,2.5239999294281006,inf,inf,3.5799999237060547,3.5799999237060547,3.5799999237060547,3.5799999237060547,3.5999999046325684,3.6440000534057617,3.6679999828338623,2.819999933242798,2.808000087738037,2.808000087738037,2.803999900817871,2.799999952316284,2.799999952316284,2.799999952316284,2.799999952316284,2.799999952316284,2.799999952316284,2.803999900817871,1.9520000219345093,1.9520000219345093,1.944000005722046,1.9359999895095825,1.9140000343322754,1.9160000085830688,inf,inf,inf,inf,inf,inf,inf,inf,inf,inf,inf,inf,inf,inf,inf,inf,inf,inf,inf,inf,inf,inf,inf,inf,inf,inf,inf,1.3819999694824219,1.3819999694824219,1.378000020980835,1.3680000305175781,1.3380000591278076,1.3380000591278076,inf,2.563999891281128,2.563999891281128,2.5480000972747803,2.5480000972747803,2.5480000972747803,2.5480000972747803,2.5480000972747803,2.5439999103546143,inf,inf,inf,2.5280001163482666,2.5280001163482666,2.5480000972747803,inf,inf,inf,inf,inf,inf,1.8040000200271606,1.8040000200271606,1.7879999876022339,inf,inf,inf,inf,inf,inf,inf,inf,inf,inf,inf,inf,inf,inf,inf,inf,inf,inf,inf,inf,inf,inf,inf,inf,inf,inf,4.639999866485596,4.639999866485596,inf,inf,2.319999933242798,2.319999933242798,2.3440001010894775,2.3440001010894775,2.328000068664551,2.328000068664551,inf,inf,inf,inf,inf,inf,2.624000072479248,2.624000072479248,2.619999885559082,2.619999885559082,2.671999931335449,inf,inf,3.0880000591278076,3.0880000591278076,3.0799999237060547,inf,inf,inf,5.808000087738037,5.808000087738037,5.800000190734863,5.760000228881836,5.736000061035156,5.728000164031982,5.664000034332275,4.320000171661377,inf,inf,5.248000144958496,5.248000144958496,5.239999771118164,4.791999816894531,4.4079999923706055,4.4079999923706055,4.360000133514404,4.360000133514404,4.375999927520752,4.71999979019165,5.400000095367432,5.400000095367432,1.1160000562667847,1.1160000562667847,1.1039999723434448,1.1039999723434448,1.0859999656677246,1.0740000009536743,1.0700000524520874,0.4740000069141388,0.4740000069141388,0.4659999907016754,0.4659999907016754,0.44600000977516174,0.4390000104904175,0.4350000023841858,0.4339999854564667,0.43299999833106995,0.4320000112056732,0.4350000023841858,inf,inf,inf,inf,inf,inf,inf,0.41200000047683716,0.41200000047683716,0.41499999165534973,0.4169999957084656,0.4189999997615814,0.4269999861717224,0.42500001192092896,0.42899999022483826,0.4320000112056732,0.4399999976158142,0.4399999976158142,0.4399999976158142,0.45399999618530273,inf,inf,inf,inf,inf,3.628000020980835,3.628000020980835,inf,inf,0.9779999852180481,0.9779999852180481,0.9639999866485596,0.9599999785423279,0.9480000138282776,0.9440000057220459,0.9340000152587891,0.9279999732971191,0.9160000085830688,0.9079999923706055,0.8920000195503235,inf,inf,inf,inf,inf,inf,inf,inf,inf,0.8500000238418579,0.8500000238418579,0.8360000252723694,0.8299999833106995,0.8220000267028809,0.8199999928474426,0.8119999766349792,0.8100000023841858,0.8040000200271606,0.800000011920929,0.7940000295639038,
-3.1241393089294434,3.1415927410125732,0.008714509196579456,0.15000000596046448,12.0,1696619334302389002,0.7540000081062317,0.75,0.7459999918937683,0.7440000176429749,0.7379999756813049,0.7360000014305115,0.7300000190734863,0.7279999852180481,0.7239999771118164,0.722000002861023,0.7179999947547913,0.7160000205039978,0.7120000123977661,0.6740000247955322,0.671999990940094,0.6700000166893005,0.6679999828338623,0.6660000085830688,0.6620000004768372,0.6600000262260437,0.656000018119812,0.656000018119812,0.6539999842643738,0.6520000100135803,0.6499999761581421,0.6480000019073486,0.6539999842643738,0.6340000033378601,0.6340000033378601,0.6460000276565552,0.6499999761581421,0.6660000085830688,0.6740000247955322,0.6899999976158142,0.699999988079071,0.7080000042915344,0.7260000109672546,0.7360000014305115,0.7459999918937683,0.765999972820282,0.7760000228881836,0.7879999876022339,0.8100000023841858,0.8220000267028809,0.8479999899864197,0.8619999885559082,0.8759999871253967,0.9039999842643738,0.921999990940094,0.9440000057220459,inf,inf,inf,inf,inf,1.1480000019073486,1.1480000019073486,1.218000054359436,1.218000054359436,1.2039999961853027,1.2139999866485596,1.215999960899353,1.215999960899353,1.222000002861023,1.2280000448226929,1.2319999933242798,0.13500000536441803,1.2380000352859497,1.2400000095367432,1.246000051498413,1.2480000257492065,1.253999948501587,1.25600004196167,1.2640000581741333,1.2660000324249268,1.2740000486373901,1.2760000228881836,1.281999945640564,1.2860000133514404,1.2860000133514404,1.2860000133514404,inf,inf,inf,inf,inf,inf,1.3639999628067017,1.3639999628067017,1.3559999465942383,1.3619999885559082,1.3700000047683716,1.371999979019165,1.3819999694824219,1.3860000371932983,1.3960000276565552,1.4019999504089355,1.4160000085830688,1.4220000505447388,1.4320000410079956,1.440000057220459,1.4559999704360962,1.4620000123977661,1.4700000286102295,1.4819999933242798,1.4859999418258667,inf,inf,inf,inf,inf,inf,5.447999954223633,5.447999954223633,5.4079999923706055,2.9040000438690186,2.9040000438690186,inf,inf,inf,4.544000148773193,4.544000148773193,5.360000133514404,5.360000133514404,5.368000030517578,5.368000030517578,5.368000030517578,5.368000030517578,5.368000030517578,5.360000133514404,5.368000030517578,5.383999824523926,5.392000198364258,5.368000030517578,5.368000030517578,5.368000030517578,5.400000095367432,5.383999824523926,5.383999824523926,5.360000133514404,5.360000133514404,5.360000133514404,5.3520002365112305,4.584000110626221,4.5920000076293945,4.535999774932861,4.5279998779296875,4.519999980926514,4.51200008392334,5.400000095367432,5.375999927520752,5.375999927520752,5.296000003814697,5.328000068664551,5.4079999923706055,5.4079999923706055,5.400000095367432,5.4079999923706055,5.464000225067139,5.464000225067139,5.4720001220703125,5.4720001220703125,5.4720001220703125,5.48799991607666,5.51200008392334,5.519999980926514,inf,inf,5.607999801635742,5.607999801635742,5.607999801635742,5.607999801635742,inf,inf,inf,inf,inf,inf,5.119999885559082,5.119999885559082,5.056000232696533,5.0320000648498535,5.111999988555908,5.840000152587891,5.840000152587891,5.872000217437744,5.888000011444092,5.9120001792907715,5.927999973297119,5.943999767303467,5.960000038146973,5.984000205993652,6.0,6.064000129699707,6.0879998207092285,6.064000129699707,inf,5.800000190734863,5.800000190734863,5.703999996185303,5.703999996185303,3.4119999408721924,3.4000000953674316,3.4000000953674316,3.3919999599456787,3.384000062942505,3.4000000953674316,6.855999946594238,6.855999946594238,6.872000217437744,5.863999843597412,5.8480000495910645,5.855999946594238,6.271999835968018,6.271999835968018,inf,inf,4.199999809265137,4.199999809265137,4.216000080108643,7.375999927520752,7.343999862670898,7.495999813079834,7.495999813079834,7.495999813079834,7.311999797821045,7.328000068664551,6.776000022888184,6.776000022888184,6.8480000495910645,6.8480000495910645,inf,inf,4.248000144958496,4.248000144958496,4.23199987411499,4.25600004196167,6.76800012588501,6.76800012588501,6.831999778747559,6.831999778747559,6.751999855041504,7.007999897003174,6.840000152587891,6.815999984741211,3.171999931335449,3.171999931335449,3.140000104904175,3.0920000076293945,3.068000078201294,3.0199999809265137,2.9800000190734863,2.940000057220459,2.9240000247955322,2.880000114440918,2.8559999465942383,2.819999933242798,2.803999900817871,2.7639999389648438,2.752000093460083,2.740000009536743,2.7360000610351562,2.7200000286102295,2.7239999771118164,2.74399995803833,2.747999906539917,2.752000093460083,2.7720000743865967,2.7799999713897705,2.808000087738037,2.8239998817443848,2.8440001010894775,2.8559999465942383,2.875999927520752,2.884000062942505,2.9040000438690186,2.9159998893737793,2.940000057220459,2.9560000896453857,2.9800000190734863,2.9839999675750732,2.996000051498413,2.9839999675750732,inf,inf,inf,inf,inf,2.9760000705718994,2.9760000705718994,2.9679999351501465,2.9560000896453857,2.947999954223633,2.944000005722046,2.931999921798706,2.9240000247955322,1.0420000553131104,1.0420000553131104,0.13600000739097595,0.1340000033378601,1.0360000133514404,0.6919999718666077,0.6919999718666077,0.6859999895095825,0.6819999814033508,0.6800000071525574,0.6779999732971191,0.6759999990463257,0.6759999990463257,0.6740000247955322,0.6700000166893005,inf,inf,inf,inf,inf,inf,inf,inf,inf,inf,6.823999881744385,6.823999881744385,6.831999778747559,6.831999778747559,6.855999946594238,6.872000217437744,6.920000076293945,6.9120001792907715,6.895999908447266,6.9120001792907715,6.76800012588501,6.688000202178955,6.519999980926514,6.464000225067139,6.440000057220459,6.440000057220459,6.440000057220459,6.455999851226807,6.97599983215332,6.97599983215332,7.104000091552734,7.111999988555908,7.104000091552734,7.111999988555908,7.199999809265137,7.199999809265137,7.176000118255615,7.168000221252441,7.184000015258789,2.696000099182129,2.696000099182129,2.696000099182129,inf,2.2839999198913574,2.2839999198913574,inf,7.328000068664551,7.328000068664551,2.996000051498413,inf,7.480000019073486,7.480000019073486,7.383999824523926,7.288000106811523,7.191999912261963,1.5759999752044678,1.5759999752044678,1.1419999599456787,1.1299999952316284,1.1299999952316284,1.121999979019165,1.1039999723434448,1.0980000495910645,1.1080000400543213,1.1100000143051147,1.0980000495910645,1.0959999561309814,1.093999981880188,1.093999981880188,1.0959999561309814,1.093999981880188,1.093999981880188,1.0980000495910645,inf,inf,inf,inf,inf,inf,inf,0.9660000205039978,0.9660000205039978,0.9679999947547913,0.972000002861023,1.0640000104904175,1.0640000104904175,1.0740000009536743,1.0839999914169312,1.1139999628067017,1.2319999933242798,1.2319999933242798,1.2239999771118164,1.2239999771118164,1.2400000095367432,1.246000051498413,inf,3.7639999389648438,3.7639999389648438,3.75600004196167,3.75600004196167,3.7679998874664307,4.343999862670898,4.343999862670898,4.343999862670898,4.383999824523926,4.760000228881836,4.760000228881836,4.711999893188477,4.679999828338623,4.656000137329102,4.631999969482422,4.5920000076293945,4.576000213623047,4.535999774932861,inf,4.4720001220703125,4.4720001220703125,inf,inf,inf,inf,inf,inf,inf,inf,inf,inf,inf,inf,inf,inf,inf,inf,inf,inf,inf,inf,inf,inf,inf,inf,inf,inf,inf,inf,inf,inf,inf,inf,inf,inf,inf,inf,inf,inf,inf,inf,inf,inf,inf,inf,inf,inf,2.555999994277954,2.555999994277954,2.563999891281128,2.563999891281128,inf,inf,2.759999990463257,2.759999990463257,2.7880001068115234,2.7880001068115234,2.7920000553131104,2.7799999713897705,2.7679998874664307,3.819999933242798,3.812000036239624,3.812000036239624,3.808000087738037,inf,2.871999979019165,2.871999979019165,2.864000082015991,2.8519999980926514,2.8519999980926514,2.8559999465942383,2.8440001010894775,2.8440001010894775,2.8440001010894775,2.8440001010894775,2.8440001010894775,2.8480000495910645,2.009999990463257,2.009999990463257,2.003999948501587,1.9839999675750732,inf,inf,inf,inf,inf,inf,inf,inf,inf,inf,inf,inf,inf,inf,inf,inf,inf,inf,inf,inf,inf,inf,inf,inf,inf,inf,1.4479999542236328,1.4479999542236328,1.4479999542236328,1.4479999542236328,1.4420000314712524,1.437999963760376,1.4019999504089355,inf,inf,2.615999937057495,2.615999937057495,2.624000072479248,2.624000072479248,2.624000072479248,2.619999885559082,2.6080000400543213,inf,inf,inf,3.5199999809265137,3.5199999809265137,3.496000051498413,3.496000051498413,inf,inf,inf,1.871999979019165,1.871999979019165,1.8539999723434448,1.8539999723434448,inf,inf,inf,inf,inf,inf,inf,inf,inf,inf,inf,inf,inf,inf,inf,inf,inf,inf,inf,inf,inf,inf,inf,inf,inf,inf,inf,inf,4.671999931335449,4.671999931335449,2.4159998893737793,2.4079999923706055,2.4079999923706055,2.4000000953674316,2.4200000762939453,2.384000062942505,inf,inf,inf,inf,inf,inf,inf,2.680000066757202,2.680000066757202,2.680000066757202,2.7079999446868896,inf,3.119999885559082,3.119999885559082,3.140000104904175,inf,5.952000141143799,5.952000141143799,5.288000106811523,5.288000106811523,5.8480000495910645,5.8480000495910645,5.800000190734863,5.800000190734863,5.791999816894531,5.783999919891357,4.360000133514404,4.360000133514404,5.303999900817871,5.303999900817871,inf,inf,0.5979999899864197,0.5979999899864197,0.5899999737739563,0.5899999737739563,0.5839999914169312,0.5720000267028809,0.5519999861717224,0.5400000214576721,0.5339999794960022,0.5339999794960022,0.5299999713897705,0.5180000066757202,0.5099999904632568,0.5180000066757202,0.5099999904632568,0.49799999594688416,0.5070000290870667,0.5009999871253967,0.4909999966621399,0.49399998784065247,0.4970000088214874,0.49799999594688416,0.49900001287460327,0.49900001287460327,0.5040000081062317,0.5080000162124634,0.5149999856948853,inf,inf,inf,inf,inf,inf,inf,inf,5.1519999504089355,5.1519999504089355,3.9800000190734863,3.9800000190734863,4.007999897003174,4.007999897003174,3.9839999675750732,inf,4.004000186920166,4.004000186920166,4.360000133514404,4.360000133514404,4.3520002365112305,4.3520002365112305,0.9959999918937683,0.9959999918937683,0.9860000014305115,0.9860000014305115,0.9739999771118164,0.9679999947547913,0.9559999704360962,0.949999988079071,0.9380000233650208,0.9319999814033508,0.921999990940094,0.9179999828338623,0.9079999923706055,0.9020000100135803,0.8920000195503235,0.8880000114440918,0.8759999871253967,0.8679999709129333,0.8500000238418579,0.8339999914169312,inf,inf,inf,inf,inf,inf,0.8199999928474426,0.8199999928474426,0.8119999766349792,0.8119999766349792,0.7960000038146973,0.7879999876022339,0.7839999794960022,0.7799999713897705,0.7760000228881836,0.7720000147819519,0.765999972820282,0.7620000243186951,0.7580000162124634,
-3.1241393089294434,3.1415927410125732,0.008714509196579456,0.15000000596046448,12.0,1696619334449766245,0.7179999947547913,0.7139999866485596,0.7120000123977661,0.7059999704360962,0.7039999961853027,0.699999988079071,0.6959999799728394,0.6940000057220459,0.6880000233650208,0.6859999895095825,0.6840000152587891,0.6819999814033508,0.6759999990463257,0.6380000114440918,0.6380000114440918,0.6340000033378601,0.6340000033378601,0.6320000290870667,0.6340000033378601,0.6399999856948853,0.6460000276565552,0.6520000100135803,0.6639999747276306,0.671999990940094,0.6840000152587891,0.6919999718666077,0.6980000138282776,0.7120000123977661,0.7200000286102295,0.7279999852180481,0.7440000176429749,0.7519999742507935,0.7699999809265137,0.777999997138977,0.7979999780654907,0.8080000281333923,0.8180000185966492,0.8379999995231628,0.8500000238418579,0.8619999885559082,0.8840000033378601,0.8980000019073486,0.9240000247955322,0.9380000233650208,0.949999988079071,0.9800000190734863,0.9959999918937683,1.0299999713897705,1.0520000457763672,1.0740000009536743,inf,inf,inf,inf,inf,1.1779999732971191,1.1779999732971191,1.1820000410079956,1.1859999895095825,1.194000005722046,1.1979999542236328,1.2020000219345093,1.2039999961853027,1.2059999704360962,1.2100000381469727,1.2120000123977661,0.13300000131130219,1.2200000286102295,0.13199999928474426,1.2259999513626099,1.2319999933242798,1.2339999675750732,1.2400000095367432,1.2419999837875366,1.25,1.253999948501587,1.25600004196167,1.2619999647140503,1.2660000324249268,1.2660000324249268,1.2640000581741333,inf,inf,inf,inf,inf,inf,1.3480000495910645,1.3480000495910645,1.340000033378601,1.340000033378601,1.343999981880188,1.350000023841858,1.3539999723434448,1.3680000305175781,1.3739999532699585,1.3860000371932983,1.3919999599456787,1.406000018119812,1.4119999408721924,1.4240000247955322,1.4259999990463257,1.434000015258789,1.4639999866485596,inf,inf,2.0220000743865967,2.0220000743865967,inf,inf,inf,inf,inf,inf,inf,inf,inf,4.504000186920166,4.504000186920166,4.48799991607666,4.48799991607666,4.495999813079834,5.311999797821045,5.311999797821045,5.303999900817871,5.303999900817871,5.311999797821045,5.311999797821045,5.296000003814697,5.303999900817871,5.28000020980835,5.28000020980835,5.288000106811523,5.303999900817871,5.311999797821045,5.288000106811523,5.296000003814697,5.28000020980835,5.288000106811523,5.311999797821045,5.311999797821045,5.271999835968018,5.288000106811523,4.552000045776367,4.5279998779296875,4.4720001220703125,4.455999851226807,4.464000225067139,4.495999813079834,5.311999797821045,5.343999862670898,5.343999862670898,5.25600004196167,5.343999862670898,5.3520002365112305,5.360000133514404,5.375999927520752,5.4079999923706055,5.400000095367432,5.400000095367432,5.400000095367432,5.415999889373779,5.4079999923706055,5.4079999923706055,5.423999786376953,5.423999786376953,5.455999851226807,5.455999851226807,5.480000019073486,5.480000019073486,5.48799991607666,5.504000186920166,5.519999980926514,inf,inf,inf,inf,inf,5.015999794006348,5.015999794006348,4.984000205993652,4.984000205993652,4.992000102996826,5.039999961853027,5.808000087738037,5.808000087738037,5.831999778747559,5.855999946594238,5.895999908447266,5.9039998054504395,5.9120001792907715,5.9120001792907715,5.952000141143799,5.9679999351501465,5.984000205993652,6.047999858856201,5.984000205993652,5.176000118255615,5.176000118255615,5.711999893188477,5.711999893188477,inf,3.3399999141693115,3.3399999141693115,3.3440001010894775,3.3440001010894775,3.3399999141693115,3.3239998817443848,inf,inf,inf,5.808000087738037,5.808000087738037,inf,inf,inf,inf,4.1519999504089355,4.1519999504089355,4.144000053405762,4.144000053405762,7.5279998779296875,inf,7.400000095367432,7.400000095367432,7.335999965667725,7.320000171661377,6.783999919891357,6.783999919891357,inf,inf,4.216000080108643,4.216000080108643,4.176000118255615,4.176000118255615,4.216000080108643,inf,6.447999954223633,6.447999954223633,6.51200008392334,6.51200008392334,6.656000137329102,6.656000137329102,4.067999839782715,4.067999839782715,4.072000026702881,4.072000026702881,4.067999839782715,3.1080000400543213,3.0920000076293945,3.0399999618530273,3.007999897003174,2.947999954223633,2.931999921798706,2.888000011444092,2.868000030517578,2.8239998817443848,2.803999900817871,2.7639999389648438,2.752000093460083,2.7160000801086426,2.7039999961853027,2.6679999828338623,2.631999969482422,2.6559998989105225,2.6640000343322754,2.684000015258789,2.700000047683716,2.7239999771118164,2.7320001125335693,2.74399995803833,2.752000093460083,2.759999990463257,2.7760000228881836,2.7920000553131104,2.828000068664551,2.8399999141693115,2.864000082015991,2.871999979019165,2.8919999599456787,2.9079999923706055,2.9079999923706055,2.927999973297119,inf,inf,inf,inf,2.9600000381469727,2.9600000381469727,2.9679999351501465,2.9639999866485596,2.9519999027252197,2.927999973297119,2.9200000762939453,2.9159998893737793,2.9200000762939453,2.9040000438690186,2.8959999084472656,2.888000011444092,2.888000011444092,2.884000062942505,2.880000114440918,2.875999927520752,inf,1.0240000486373901,1.0240000486373901,1.0199999809265137,1.0160000324249268,1.0160000324249268,1.0140000581741333,1.0119999647140503,1.00600004196167,0.9980000257492065,inf,inf,inf,inf,inf,inf,0.7120000123977661,0.7120000123977661,0.7059999704360962,0.7020000219345093,0.699999988079071,0.6980000138282776,0.6959999799728394,0.6959999799728394,0.6940000057220459,0.6940000057220459,0.6940000057220459,0.6959999799728394,0.6959999799728394,0.6959999799728394,0.6980000138282776,inf,inf,inf,6.455999851226807,6.455999851226807,6.480000019073486,6.4720001220703125,7.056000232696533,7.056000232696533,7.104000091552734,7.104000091552734,7.127999782562256,7.127999782562256,7.111999988555908,7.184000015258789,7.199999809265137,7.199999809265137,7.199999809265137,2.7039999961853027,2.7039999961853027,2.696000099182129,2.696000099182129,inf,inf,2.2880001068115234,2.2880001068115234,2.2839999198913574,inf,inf,inf,inf,7.263999938964844,7.263999938964844,7.0960001945495605,7.079999923706055,7.072000026702881,6.895999908447266,inf,1.5720000267028809,1.5720000267028809,1.527999997138977,1.1540000438690186,1.1540000438690186,1.1419999599456787,1.1239999532699585,1.1180000305175781,1.1100000143051147,1.1419999599456787,1.1380000114440918,1.1339999437332153,inf,inf,inf,inf,inf,inf,inf,1.062000036239624,1.062000036239624,1.065999984741211,1.0679999589920044,1.0540000200271606,1.0260000228881836,1.0199999809265137,1.0140000581741333,1.0099999904632568,1.003999948501587,1.0019999742507935,1.0820000171661377,1.0959999561309814,1.0959999561309814,1.1260000467300415,1.253999948501587,1.253999948501587,1.2480000257492065,1.2519999742507935,1.2680000066757202,inf,inf,4.4079999923706055,4.4079999923706055,4.423999786376953,4.423999786376953,4.480000019073486,4.831999778747559,4.791999816894531,4.751999855041504,4.696000099182129,4.664000034332275,4.639999866485596,4.616000175476074,4.584000110626221,4.567999839782715,inf,inf,inf,inf,inf,inf,inf,inf,inf,inf,1.843999981880188,1.843999981880188,inf,inf,inf,inf,inf,inf,inf,inf,inf,inf,inf,inf,inf,inf,inf,inf,inf,inf,inf,inf,inf,inf,inf,inf,inf,inf,inf,inf,inf,inf,inf,inf,inf,inf,inf,inf,inf,2.628000020980835,2.628000020980835,inf,inf,inf,inf,inf,inf,2.828000068664551,2.828000068664551,2.8399999141693115,2.8440001010894775,2.8519999980926514,3.868000030517578,3.864000082015991,3.8559999465942383,3.8559999465942383,3.8399999141693115,2.9600000381469727,2.940000057220459,2.9240000247955322,2.9200000762939453,2.9200000762939453,2.9159998893737793,2.9200000762939453,2.9159998893737793,2.9159998893737793,2.9200000762939453,2.9119999408721924,2.0840001106262207,2.063999891281128,2.063999891281128,inf,inf,inf,inf,inf,inf,inf,inf,inf,inf,inf,inf,inf,inf,inf,inf,inf,inf,inf,inf,inf,inf,inf,4.119999885559082,4.119999885559082,inf,inf,inf,1.5119999647140503,1.5119999647140503,1.50600004196167,1.5119999647140503,1.4819999933242798,1.468000054359436,2.684000015258789,2.684000015258789,2.691999912261963,2.691999912261963,2.684000015258789,2.684000015258789,2.680000066757202,2.671999931335449,inf,inf,inf,inf,inf,3.563999891281128,3.563999891281128,3.555999994277954,inf,inf,1.9479999542236328,1.9479999542236328,1.9259999990463257,1.9259999990463257,1.9140000343322754,inf,inf,inf,inf,inf,inf,inf,inf,inf,inf,inf,inf,inf,inf,inf,inf,inf,inf,inf,inf,inf,inf,inf,inf,inf,inf,inf,inf,2.4839999675750732,2.4839999675750732,2.4760000705718994,2.4760000705718994,2.48799991607666,2.4800000190734863,inf,inf,inf,inf,inf,inf,2.7839999198913574,2.7839999198913574,2.759999990463257,2.759999990463257,inf,inf,inf,inf,inf,6.047999858856201,6.047999858856201,inf,inf,inf,inf,0.9739999771118164,0.9739999771118164,0.9599999785423279,0.9520000219345093,0.9559999704360962,0.9380000233650208,0.9459999799728394,0.9480000138282776,0.949999988079071,0.949999988079071,0.949999988079071,0.9520000219345093,0.9480000138282776,1.281999945640564,1.281999945640564,1.2519999742507935,1.2519999742507935,1.194000005722046,1.1920000314712524,1.1959999799728394,1.1979999542236328,1.2020000219345093,1.2059999704360962,inf,inf,5.392000198364258,5.392000198364258,5.400000095367432,5.400000095367432,5.383999824523926,5.375999927520752,5.3520002365112305,5.343999862670898,5.28000020980835,inf,inf,inf,inf,inf,inf,inf,inf,inf,5.480000019073486,5.480000019073486,5.4079999923706055,5.368000030517578,5.328000068664551,4.039999961853027,4.035999774932861,4.035999774932861,inf,inf,inf,inf,1.0119999647140503,1.0119999647140503,1.003999948501587,1.003999948501587,0.9959999918937683,0.9819999933242798,0.9679999947547913,0.9620000123977661,0.9559999704360962,0.9419999718666077,0.9300000071525574,0.9240000247955322,0.9139999747276306,0.9079999923706055,0.8960000276565552,0.8899999856948853,0.8820000290870667,0.8759999871253967,0.8659999966621399,0.8619999885559082,0.8519999980926514,0.8460000157356262,0.8360000252723694,0.828000009059906,0.8080000281333923,0.7960000038146973,inf,inf,inf,inf,inf,inf,0.7820000052452087,0.7820000052452087,0.7720000147819519,0.7720000147819519,0.7580000162124634,0.7540000081062317,0.7480000257492065,0.7419999837875366,0.7379999756813049,0.7360000014305115,0.7300000190734863,0.7260000109672546,0.722000002861023,
-3.1241393089294434,3.1415927410125732,0.008714509196579456,0.15000000596046448,12.0,1696619334584861191,0.6800000071525574,0.6759999990463257,0.6740000247955322,0.6679999828338623,0.6660000085830688,0.6620000004768372,0.6600000262260437,0.656000018119812,0.6539999842643738,0.6499999761581421,0.6480000019073486,0.6439999938011169,0.6420000195503235,0.6679999828338623,0.6740000247955322,0.6840000152587891,0.6899999976158142,0.7020000219345093,0.7080000042915344,0.7139999866485596,0.7260000109672546,0.7319999933242798,0.7480000257492065,0.7540000081062317,0.7620000243186951,0.7760000228881836,0.7839999794960022,0.800000011920929,0.8100000023841858,0.8180000185966492,0.8360000252723694,0.8460000157356262,0.8640000224113464,0.8740000128746033,0.8840000033378601,0.906000018119812,0.9160000085830688,0.9399999976158142,0.9520000219345093,0.9660000205039978,0.9919999837875366,1.003999948501587,1.031999945640564,1.0479999780654907,1.0640000104904175,1.0959999561309814,1.1139999628067017,1.159999966621399,1.1699999570846558,1.1660000085830688,1.1740000247955322,inf,inf,inf,inf,1.1720000505447388,1.1720000505447388,1.1699999570846558,1.1759999990463257,1.1759999990463257,1.184000015258789,1.184000015258789,1.187999963760376,1.190000057220459,1.1959999799728394,1.1979999542236328,1.2000000476837158,1.2020000219345093,1.2059999704360962,1.2120000123977661,1.2139999866485596,1.2200000286102295,1.222000002861023,1.2280000448226929,1.2300000190734863,1.2359999418258667,1.2380000352859497,1.246000051498413,1.2480000257492065,1.2480000257492065,1.246000051498413,inf,inf,inf,inf,inf,1.3240000009536743,1.3240000009536743,1.315999984741211,1.315999984741211,1.3220000267028809,1.3259999752044678,1.3359999656677246,1.3420000076293945,1.350000023841858,1.3619999885559082,1.3660000562667847,1.3760000467300415,1.3799999952316284,1.3899999856948853,1.4079999923706055,inf,inf,inf,inf,inf,inf,inf,4.368000030517578,4.368000030517578,5.335999965667725,5.335999965667725,5.320000171661377,5.320000171661377,5.335999965667725,5.335999965667725,inf,inf,4.423999786376953,4.423999786376953,4.432000160217285,inf,5.288000106811523,5.288000106811523,5.271999835968018,5.263999938964844,5.25600004196167,5.248000144958496,5.239999771118164,5.239999771118164,5.23199987411499,5.223999977111816,5.23199987411499,5.263999938964844,5.28000020980835,5.239999771118164,5.248000144958496,5.239999771118164,5.23199987411499,5.25600004196167,5.248000144958496,5.223999977111816,4.504000186920166,4.504000186920166,4.455999851226807,4.383999824523926,4.368000030517578,4.368000030517578,4.415999889373779,5.208000183105469,5.248000144958496,5.248000144958496,5.288000106811523,5.288000106811523,5.28000020980835,5.303999900817871,5.303999900817871,5.335999965667725,5.335999965667725,5.328000068664551,5.3520002365112305,5.343999862670898,5.360000133514404,5.392000198364258,5.392000198364258,5.4079999923706055,5.4079999923706055,inf,inf,5.423999786376953,5.423999786376953,5.4720001220703125,5.4720001220703125,inf,inf,inf,inf,inf,inf,4.9679999351501465,4.9679999351501465,4.952000141143799,4.927999973297119,4.9679999351501465,5.776000022888184,5.808000087738037,5.800000190734863,5.791999816894531,5.808000087738037,5.823999881744385,5.880000114440918,5.863999843597412,5.888000011444092,5.9039998054504395,5.9120001792907715,5.927999973297119,5.9039998054504395,inf,inf,5.656000137329102,5.656000137329102,5.584000110626221,3.2799999713897705,3.2920000553131104,3.2920000553131104,3.2960000038146973,3.2839999198913574,3.2760000228881836,inf,6.728000164031982,6.728000164031982,5.751999855041504,5.751999855041504,5.728000164031982,6.535999774932861,inf,inf,inf,inf,4.0960001945495605,4.0960001945495605,4.0879998207092285,7.303999900817871,7.303999900817871,7.335999965667725,7.335999965667725,7.263999938964844,7.047999858856201,6.992000102996826,inf,inf,inf,4.127999782562256,4.127999782562256,4.104000091552734,4.111999988555908,inf,inf,inf,inf,inf,inf,3.9839999675750732,3.9839999675750732,3.9839999675750732,3.9800000190734863,3.98799991607666,4.0,3.0439999103546143,3.0439999103546143,3.0199999809265137,3.0199999809265137,2.9679999351501465,2.944000005722046,2.9000000953674316,2.884000062942505,2.828000068664551,2.808000087738037,2.7760000228881836,2.759999990463257,2.7160000801086426,2.7039999961853027,2.6679999828338623,2.6480000019073486,2.624000072479248,2.5920000076293945,2.619999885559082,2.628000020980835,2.635999917984009,2.6480000019073486,2.6519999504089355,2.6760001182556152,2.691999912261963,2.7200000286102295,2.7320001125335693,2.74399995803833,2.752000093460083,2.7720000743865967,2.7839999198913574,2.799999952316284,2.8239998817443848,2.8239998817443848,2.888000011444092,inf,inf,inf,2.936000108718872,2.936000108718872,2.940000057220459,2.940000057220459,2.9200000762939453,2.9000000953674316,2.9000000953674316,2.9000000953674316,2.8919999599456787,2.888000011444092,2.888000011444092,2.884000062942505,0.13300000131130219,2.871999979019165,2.868000030517578,2.875999927520752,2.871999979019165,2.859999895095825,2.8559999465942383,2.8440001010894775,2.8440001010894775,2.8440001010894775,2.8359999656677246,2.8320000171661377,inf,0.9919999837875366,0.9919999837875366,inf,inf,inf,inf,inf,inf,0.9959999918937683,0.9959999918937683,0.9900000095367432,0.9879999756813049,0.9879999756813049,inf,6.808000087738037,6.808000087738037,6.783999919891357,6.783999919891357,6.823999881744385,6.855999946594238,6.823999881744385,6.880000114440918,6.855999946594238,6.74399995803833,6.624000072479248,6.51200008392334,inf,inf,0.8119999766349792,0.8119999766349792,0.8040000200271606,0.8019999861717224,0.7979999780654907,0.7960000038146973,0.7879999876022339,0.7879999876022339,0.7839999794960022,0.7820000052452087,0.7799999713897705,0.777999997138977,0.7720000147819519,inf,inf,inf,2.7119998931884766,2.7119998931884766,2.696000099182129,2.691999912261963,inf,inf,2.2799999713897705,2.2799999713897705,2.2799999713897705,2.2799999713897705,2.996000051498413,2.996000051498413,inf,7.079999923706055,7.079999923706055,7.047999858856201,6.952000141143799,6.872000217437744,6.751999855041504,6.664000034332275,inf,inf,1.5520000457763672,1.5520000457763672,1.5399999618530273,1.5299999713897705,1.1859999895095825,inf,inf,inf,inf,inf,inf,inf,inf,1.093999981880188,1.093999981880188,1.1019999980926514,1.1019999980926514,1.1059999465942383,1.1059999465942383,1.1059999465942383,1.1080000400543213,1.1059999465942383,1.1019999980926514,1.0980000495910645,1.0959999561309814,1.0499999523162842,1.0499999523162842,1.0379999876022339,1.0360000133514404,1.0299999713897705,1.027999997138977,1.0260000228881836,1.0399999618530273,1.1440000534057617,1.1440000534057617,1.1640000343322754,1.2760000228881836,1.2760000228881836,1.2879999876022339,4.495999813079834,4.495999813079834,4.855999946594238,4.855999946594238,4.823999881744385,4.823999881744385,4.76800012588501,4.728000164031982,4.679999828338623,4.664000034332275,4.639999866485596,4.624000072479248,inf,inf,inf,inf,inf,inf,inf,inf,1.8700000047683716,1.8700000047683716,1.8519999980926514,1.8519999980926514,1.8420000076293945,1.843999981880188,1.8580000400543213,inf,inf,inf,inf,inf,inf,inf,inf,inf,inf,inf,inf,inf,inf,inf,inf,inf,inf,inf,inf,inf,inf,2.9560000896453857,2.9560000896453857,inf,inf,inf,inf,inf,inf,inf,inf,inf,inf,2.6440000534057617,2.6440000534057617,inf,inf,inf,inf,inf,inf,2.888000011444092,2.888000011444092,2.8959999084472656,2.9000000953674316,2.8919999599456787,2.888000011444092,3.9040000438690186,3.9040000438690186,3.8959999084472656,3.8959999084472656,3.0280001163482666,3.0280001163482666,2.9760000705718994,2.9679999351501465,2.9639999866485596,2.9639999866485596,2.9639999866485596,2.9679999351501465,2.9639999866485596,2.9639999866485596,2.9639999866485596,inf,inf,inf,inf,inf,inf,inf,inf,inf,inf,inf,inf,inf,inf,inf,inf,inf,inf,inf,inf,inf,inf,inf,inf,inf,inf,inf,inf,inf,1.5800000429153442,1.5800000429153442,1.5740000009536743,1.5740000009536743,1.5740000009536743,1.531999945640564,inf,2.747999906539917,2.747999906539917,inf,inf,2.74399995803833,2.74399995803833,2.747999906539917,2.74399995803833,2.7360000610351562,inf,2.6760001182556152,2.6760001182556152,3.7039999961853027,3.7039999961853027,3.640000104904175,inf,inf,inf,2.00600004196167,2.00600004196167,1.9839999675750732,1.9839999675750732,inf,inf,inf,inf,inf,inf,inf,inf,inf,inf,inf,inf,inf,inf,inf,inf,inf,inf,inf,inf,inf,inf,inf,inf,inf,4.776000022888184,4.776000022888184,inf,inf,2.5439999103546143,2.5439999103546143,2.503999948501587,2.5280001163482666,inf,inf,inf,inf,inf,inf,inf,inf,2.815999984741211,2.815999984741211,2.8239998817443848,2.803999900817871,inf,inf,3.2279999256134033,3.2279999256134033,inf,6.168000221252441,6.168000221252441,6.111999988555908,inf,inf,inf,inf,inf,1.4919999837875366,1.4919999837875366,1.4919999837875366,1.4919999837875366,1.496000051498413,inf,1.2599999904632568,1.2599999904632568,1.25600004196167,1.25600004196167,1.25,1.2519999742507935,1.25,1.253999948501587,1.25,1.2619999647140503,1.3179999589920044,1.3259999752044678,inf,inf,inf,inf,5.440000057220459,5.440000057220459,5.455999851226807,5.455999851226807,5.447999954223633,5.423999786376953,5.4079999923706055,5.392000198364258,5.360000133514404,4.056000232696533,inf,inf,inf,inf,inf,inf,inf,inf,inf,5.415999889373779,5.415999889373779,5.392000198364258,5.392000198364258,5.248000144958496,inf,1.0399999618530273,1.0399999618530273,1.027999997138977,1.027999997138977,1.0119999647140503,1.003999948501587,0.9879999756813049,0.9800000190734863,0.9660000205039978,0.9580000042915344,0.9459999799728394,0.9319999814033508,0.9240000247955322,0.9179999828338623,0.906000018119812,0.8939999938011169,0.8880000114440918,0.8759999871253967,0.8700000047683716,0.8600000143051147,0.8539999723434448,0.843999981880188,0.8399999737739563,0.8299999833106995,0.8240000009536743,0.8159999847412109,0.8119999766349792,0.8019999861717224,0.7960000038146973,0.7799999713897705,0.7720000147819519,inf,inf,inf,inf,inf,inf,inf,inf,0.734000027179718,0.734000027179718,0.7279999852180481,0.7160000205039978,0.7120000123977661,0.7059999704360962,0.7039999961853027,0.6980000138282776,0.6959999799728394,0.6899999976158142,0.6880000233650208,0.6819999814033508,
-3.1241393089294434,3.1415927410125732,0.008714509196579456,0.15000000596046448,12.0,1696619334720040729,0.6420000195503235,0.6399999856948853,0.6340000033378601,0.6320000290870667,0.6380000114440918,0.6380000114440918,0.628000020980835,0.628000020980835,0.6340000033378601,0.6380000114440918,0.6480000019073486,0.6520000100135803,0.7400000095367432,0.7400000095367432,0.7459999918937683,0.7519999742507935,0.7639999985694885,0.7699999809265137,0.7839999794960022,0.7900000214576721,0.7979999780654907,0.8119999766349792,0.8199999928474426,0.8339999914169312,0.8420000076293945,0.8500000238418579,0.8659999966621399,0.8759999871253967,0.8920000195503235,0.9020000100135803,0.9139999747276306,0.9319999814033508,0.9440000057220459,0.9639999866485596,0.9760000109672546,0.9980000257492065,1.0119999647140503,1.0260000228881836,1.0499999523162842,1.0640000104904175,1.0920000076293945,1.1059999465942383,1.1119999885559082,1.1260000467300415,1.1260000467300415,1.1339999437332153,1.1299999952316284,1.1319999694824219,1.1360000371932983,1.1419999599456787,1.1460000276565552,inf,inf,inf,inf,1.1480000019073486,1.1480000019073486,1.156000018119812,1.159999966621399,1.1619999408721924,1.1660000085830688,1.1660000085830688,1.1679999828338623,1.1699999570846558,1.1759999990463257,1.1799999475479126,1.184000015258789,1.1859999895095825,1.190000057220459,1.190000057220459,1.1979999542236328,1.1979999542236328,1.2000000476837158,1.2059999704360962,1.2120000123977661,1.215999960899353,1.2200000286102295,1.2239999771118164,1.2280000448226929,1.2259999513626099,1.2239999771118164,inf,inf,inf,inf,inf,1.3040000200271606,1.3040000200271606,1.2979999780654907,1.2979999780654907,1.3020000457763672,1.305999994277954,1.3179999589920044,1.3220000267028809,1.3300000429153442,1.3359999656677246,1.3459999561309814,1.3600000143051147,1.3960000276565552,1.4780000448226929,1.5219999551773071,1.5679999589920044,1.6699999570846558,inf,inf,inf,4.263999938964844,4.263999938964844,4.288000106811523,5.303999900817871,5.343999862670898,5.343999862670898,5.320000171661377,5.320000171661377,5.328000068664551,5.328000068664551,4.368000030517578,4.368000030517578,4.343999862670898,4.343999862670898,4.3520002365112305,5.25600004196167,5.208000183105469,5.208000183105469,inf,5.191999912261963,5.191999912261963,5.191999912261963,5.191999912261963,5.176000118255615,5.176000118255615,5.168000221252441,5.168000221252441,5.191999912261963,5.223999977111816,5.208000183105469,5.191999912261963,5.168000221252441,5.159999847412109,5.191999912261963,5.184000015258789,5.191999912261963,4.415999889373779,4.392000198364258,4.392000198364258,4.335999965667725,4.335999965667725,4.328000068664551,4.328000068664551,5.223999977111816,5.223999977111816,5.191999912261963,5.184000015258789,5.216000080108643,5.248000144958496,5.239999771118164,5.208000183105469,5.288000106811523,5.288000106811523,5.28000020980835,5.28000020980835,5.296000003814697,5.296000003814697,5.303999900817871,5.320000171661377,5.328000068664551,5.360000133514404,5.360000133514404,5.360000133514404,5.375999927520752,5.375999927520752,5.400000095367432,5.4079999923706055,inf,inf,inf,inf,inf,inf,4.952000141143799,4.952000141143799,4.9120001792907715,4.888000011444092,4.935999870300293,5.679999828338623,5.696000099182129,5.696000099182129,5.760000228881836,5.783999919891357,5.783999919891357,5.791999816894531,5.800000190734863,5.815999984741211,5.840000152587891,5.863999843597412,5.863999843597412,5.9039998054504395,5.888000011444092,5.02400016784668,5.02400016784668,5.552000045776367,5.552000045776367,3.2320001125335693,3.2320001125335693,3.2320001125335693,3.2320001125335693,3.2320001125335693,3.2279999256134033,3.2279999256134033,inf,inf,inf,5.711999893188477,5.711999893188477,5.671999931335449,6.728000164031982,7.0,7.0,inf,inf,4.047999858856201,4.047999858856201,4.0320000648498535,7.184000015258789,7.311999797821045,7.311999797821045,7.328000068664551,7.328000068664551,7.263999938964844,7.288000106811523,6.6479997634887695,6.6479997634887695,4.059999942779541,4.059999942779541,4.0320000648498535,4.0320000648498535,4.039999961853027,inf,inf,inf,3.8919999599456787,3.8919999599456787,3.8959999084472656,3.9040000438690186,3.9040000438690186,inf,6.495999813079834,6.495999813079834,6.432000160217285,inf,3.0239999294281006,3.0239999294281006,2.992000102996826,2.944000005722046,2.9240000247955322,2.884000062942505,2.859999895095825,2.819999933242798,2.7960000038146973,2.759999990463257,2.74399995803833,2.7079999446868896,2.680000066757202,2.6440000534057617,2.635999917984009,2.6040000915527344,2.5880000591278076,2.5360000133514404,2.5360000133514404,2.5759999752044678,2.5880000591278076,2.615999937057495,2.619999885559082,2.640000104904175,2.6440000534057617,2.6600000858306885,2.671999931335449,2.7079999446868896,2.7200000286102295,2.7320001125335693,2.74399995803833,2.747999906539917,inf,inf,inf,inf,2.931999921798706,2.931999921798706,2.9200000762939453,2.9200000762939453,2.8959999084472656,2.8919999599456787,2.8959999084472656,2.8959999084472656,2.8919999599456787,2.875999927520752,2.871999979019165,2.871999979019165,2.871999979019165,2.868000030517578,2.864000082015991,0.13300000131130219,2.8359999656677246,2.8320000171661377,2.8399999141693115,2.8399999141693115,2.8320000171661377,2.808000087738037,2.808000087738037,2.803999900817871,2.803999900817871,2.799999952316284,2.7920000553131104,2.812000036239624,2.8320000171661377,inf,inf,inf,inf,0.9900000095367432,0.9900000095367432,0.984000027179718,0.984000027179718,0.9800000190734863,0.9760000109672546,0.9739999771118164,0.9739999771118164,0.9760000109672546,0.9760000109672546,0.9779999852180481,0.9779999852180481,0.9800000190734863,inf,inf,6.696000099182129,6.696000099182129,6.639999866485596,6.544000148773193,6.392000198364258,6.392000198364258,6.392000198364258,6.4079999923706055,6.400000095367432,6.4079999923706055,7.056000232696533,7.056000232696533,7.072000026702881,7.0960001945495605,7.1519999504089355,7.127999782562256,7.144000053405762,7.144000053405762,inf,0.9359999895095825,0.9359999895095825,0.9300000071525574,0.9240000247955322,0.9079999923706055,0.9020000100135803,0.906000018119812,0.906000018119812,0.906000018119812,0.9079999923706055,0.9120000004768372,0.9179999828338623,0.921999990940094,0.9399999976158142,inf,inf,inf,7.079999923706055,7.079999923706055,7.02400016784668,6.920000076293945,6.776000022888184,6.696000099182129,6.584000110626221,6.519999980926514,6.328000068664551,3.2239999771118164,inf,inf,inf,inf,inf,inf,inf,inf,inf,inf,inf,1.1180000305175781,1.1180000305175781,1.1180000305175781,1.1360000371932983,1.1460000276565552,1.1419999599456787,1.1360000371932983,1.1360000371932983,1.1360000371932983,1.1360000371932983,1.1319999694824219,1.1299999952316284,1.128000020980835,1.1299999952316284,1.1239999532699585,1.121999979019165,1.1160000562667847,1.1139999628067017,1.0740000009536743,1.0679999589920044,1.062000036239624,1.0579999685287476,1.0520000457763672,1.0520000457763672,1.1699999570846558,1.1699999570846558,1.305999994277954,1.305999994277954,1.3140000104904175,1.3140000104904175,inf,inf,4.823999881744385,4.823999881744385,4.751999855041504,4.71999979019165,4.696000099182129,inf,inf,inf,inf,inf,inf,inf,inf,inf,inf,inf,inf,1.8980000019073486,1.8980000019073486,1.8880000114440918,1.8799999952316284,1.8819999694824219,1.8960000276565552,inf,inf,inf,inf,inf,inf,inf,inf,inf,inf,inf,inf,inf,inf,inf,inf,inf,inf,inf,inf,inf,inf,inf,inf,inf,inf,inf,inf,inf,inf,inf,inf,inf,2.7320001125335693,2.7320001125335693,2.7279999256134033,2.7279999256134033,inf,inf,inf,inf,inf,inf,2.936000108718872,2.936000108718872,3.9800000190734863,3.9800000190734863,3.9760000705718994,3.9600000381469727,3.9560000896453857,3.063999891281128,3.063999891281128,3.052000045776367,3.0439999103546143,3.0399999618530273,3.0399999618530273,3.0399999618530273,3.0439999103546143,3.0280001163482666,3.0199999809265137,3.01200008392334,inf,inf,inf,inf,inf,inf,inf,inf,inf,inf,inf,inf,inf,inf,inf,inf,inf,inf,inf,inf,inf,inf,inf,inf,inf,inf,inf,inf,inf,1.6399999856948853,1.6399999856948853,1.6380000114440918,1.6380000114440918,1.6360000371932983,1.6119999885559082,inf,inf,2.808000087738037,2.808000087738037,2.808000087738037,2.808000087738037,2.808000087738037,2.799999952316284,inf,inf,inf,3.759999990463257,3.759999990463257,3.7079999446868896,3.7079999446868896,inf,inf,inf,2.055999994277954,2.055999994277954,2.0399999618530273,2.0399999618530273,2.0339999198913574,inf,inf,inf,inf,inf,inf,inf,inf,inf,inf,inf,inf,inf,inf,inf,inf,inf,inf,inf,inf,inf,inf,inf,inf,inf,inf,2.5920000076293945,2.5920000076293945,2.5880000591278076,2.5880000591278076,2.6040000915527344,2.5920000076293945,5.288000106811523,inf,inf,inf,inf,inf,inf,inf,inf,inf,inf,3.2720000743865967,3.2720000743865967,3.2799999713897705,3.2920000553131104,3.247999906539917,inf,6.168000221252441,6.168000221252441,6.111999988555908,inf,inf,1.9859999418258667,1.9859999418258667,1.972000002861023,1.972000002861023,1.9620000123977661,1.9539999961853027,1.9559999704360962,1.968000054359436,1.399999976158142,1.399999976158142,1.378000020980835,1.3459999561309814,1.340000033378601,1.350000023841858,1.3519999980926514,1.409999966621399,1.4019999504089355,inf,5.015999794006348,5.015999794006348,5.072000026702881,5.144000053405762,inf,inf,5.480000019073486,5.480000019073486,5.495999813079834,5.464000225067139,5.455999851226807,5.447999954223633,5.432000160217285,5.432000160217285,5.4079999923706055,inf,4.111999988555908,4.111999988555908,inf,inf,inf,inf,inf,inf,inf,inf,1.0379999876022339,1.0379999876022339,1.031999945640564,1.031999945640564,1.0260000228881836,1.0160000324249268,1.0099999904632568,0.9980000257492065,0.9879999756813049,0.972000002861023,0.9639999866485596,0.9480000138282776,0.9340000152587891,0.9259999990463257,0.9120000004768372,0.906000018119812,0.8920000195503235,0.8859999775886536,0.8740000128746033,0.8659999966621399,0.8539999723434448,0.8500000238418579,0.8379999995231628,0.8320000171661377,0.8220000267028809,0.8159999847412109,0.8059999942779541,0.8019999861717224,0.7919999957084656,0.7879999876022339,0.777999997138977,0.7739999890327454,0.7639999985694885,0.7540000081062317,0.7480000257492065,0.734000027179718,inf,inf,inf,inf,inf,inf,inf,0.6959999799728394,0.6959999799728394,0.6899999976158142,0.6899999976158142,0.6819999814033508,0.6779999732971191,0.671999990940094,0.6700000166893005,0.6639999747276306,0.6600000262260437,0.656000018119812,0.6539999842643738,0.6480000019073486,0.6439999938011169,
-3.1241393089294434,3.1415927410125732,0.008714509196579456,0.15000000596046448,12.0,1696619334855694487,0.6480000019073486,0.656000018119812,0.6600000262260437,0.6639999747276306,0.6740000247955322,0.6779999732971191,0.6880000233650208,0.6919999718666077,0.7020000219345093,0.7059999704360962,0.7120000123977661,0.722000002861023,0.7279999852180481,0.8080000281333923,0.8140000104904175,0.8259999752044678,0.8339999914169312,0.8399999737739563,0.8539999723434448,0.8600000143051147,0.8759999871253967,0.8840000033378601,0.8999999761581421,0.9079999923706055,0.9160000085830688,0.9340000152587891,0.9440000057220459,0.9620000123977661,0.972000002861023,0.9919999837875366,1.0019999742507935,1.0140000581741333,1.0360000133514404,1.0460000038146973,1.0700000524520874,1.0820000171661377,1.0959999561309814,1.121999979019165,1.1100000143051147,1.1119999885559082,1.1119999885559082,1.1080000400543213,1.1100000143051147,1.1139999628067017,1.1160000562667847,1.1180000305175781,1.1200000047683716,1.1200000047683716,1.121999979019165,1.1239999532699585,1.1319999694824219,inf,inf,inf,1.1319999694824219,1.1319999694824219,1.1380000114440918,1.1380000114440918,1.1440000534057617,1.1440000534057617,1.1460000276565552,1.1480000019073486,1.1540000438690186,1.1540000438690186,0.13500000536441803,1.159999966621399,1.1640000343322754,1.1660000085830688,1.1679999828338623,1.1759999990463257,1.1779999732971191,1.1799999475479126,1.184000015258789,1.187999963760376,1.190000057220459,1.1979999542236328,1.2000000476837158,1.2059999704360962,1.2100000381469727,1.2079999446868896,1.2059999704360962,inf,inf,inf,inf,inf,inf,1.281999945640564,1.281999945640564,1.2799999713897705,1.284000039100647,1.2879999876022339,1.2940000295639038,1.2960000038146973,1.3040000200271606,1.3680000305175781,1.4019999504089355,1.4780000448226929,1.5180000066757202,1.5579999685287476,1.6460000276565552,1.6959999799728394,1.8600000143051147,1.8600000143051147,inf,4.223999977111816,4.223999977111816,4.23199987411499,4.248000144958496,5.296000003814697,5.271999835968018,5.239999771118164,5.23199987411499,inf,inf,4.199999809265137,4.199999809265137,4.239999771118164,4.28000020980835,4.288000106811523,4.263999938964844,4.199999809265137,5.0879998207092285,5.168000221252441,5.168000221252441,5.144000053405762,5.144000053405762,5.144000053405762,5.144000053405762,5.168000221252441,5.144000053405762,5.1519999504089355,5.136000156402588,5.119999885559082,5.127999782562256,5.104000091552734,5.127999782562256,5.119999885559082,5.119999885559082,5.119999885559082,5.0879998207092285,5.0960001945495605,4.335999965667725,4.311999797821045,4.311999797821045,4.25600004196167,4.248000144958496,4.248000144958496,4.223999977111816,4.25600004196167,5.159999847412109,5.159999847412109,5.039999961853027,5.119999885559082,5.168000221252441,5.191999912261963,5.168000221252441,5.176000118255615,5.208000183105469,5.208000183105469,5.223999977111816,5.23199987411499,5.223999977111816,5.248000144958496,5.248000144958496,5.28000020980835,5.335999965667725,5.335999965667725,5.335999965667725,5.335999965667725,5.343999862670898,5.343999862670898,5.343999862670898,5.368000030517578,inf,inf,inf,inf,inf,inf,4.888000011444092,4.888000011444092,4.831999778747559,4.823999881744385,4.863999843597412,5.599999904632568,5.599999904632568,5.607999801635742,5.639999866485596,5.679999828338623,5.736000061035156,5.74399995803833,5.791999816894531,5.783999919891357,5.808000087738037,5.831999778747559,5.840000152587891,5.855999946594238,5.863999843597412,4.960000038146973,5.535999774932861,5.535999774932861,5.4720001220703125,5.423999786376953,3.1600000858306885,3.1600000858306885,3.1679999828338623,3.1600000858306885,3.1559998989105225,3.1640000343322754,inf,inf,5.616000175476074,5.616000175476074,5.576000213623047,5.584000110626221,inf,6.823999881744385,6.823999881744385,6.9039998054504395,5.736000061035156,3.98799991607666,3.9679999351501465,3.9679999351501465,7.111999988555908,7.111999988555908,7.111999988555908,7.079999923706055,7.144000053405762,7.184000015258789,7.184000015258789,7.296000003814697,6.728000164031982,4.01200008392334,inf,3.98799991607666,3.98799991607666,3.996000051498413,3.803999900817871,3.75600004196167,3.75600004196167,3.7639999389648438,3.7720000743865967,6.480000019073486,6.480000019073486,6.495999813079834,7.072000026702881,inf,inf,8.215999603271484,8.215999603271484,8.223999977111816,2.9679999351501465,2.940000057220459,2.940000057220459,2.888000011444092,2.864000082015991,2.828000068664551,2.815999984741211,2.7639999389648438,2.747999906539917,2.7119998931884766,2.696000099182129,2.6480000019073486,2.640000104904175,2.6080000400543213,2.5920000076293945,2.563999891281128,2.5480000972747803,2.555999994277954,2.5439999103546143,2.5320000648498535,2.5360000133514404,2.555999994277954,2.563999891281128,2.5880000591278076,2.6040000915527344,2.624000072479248,2.631999969482422,2.640000104904175,2.6600000858306885,2.671999931335449,inf,inf,inf,inf,inf,2.8399999141693115,2.8399999141693115,2.8559999465942383,2.859999895095825,2.875999927520752,2.880000114440918,2.875999927520752,2.875999927520752,2.864000082015991,2.868000030517578,2.8559999465942383,2.8559999465942383,0.1340000033378601,2.828000068664551,0.13300000131130219,2.8320000171661377,2.819999933242798,2.808000087738037,2.799999952316284,2.7960000038146973,2.7960000038146973,2.7920000553131104,2.799999952316284,2.799999952316284,2.7960000038146973,2.7880001068115234,2.7799999713897705,2.7679998874664307,inf,inf,inf,inf,inf,inf,3.200000047683716,3.200000047683716,3.247999906539917,inf,inf,0.9779999852180481,0.9779999852180481,0.9760000109672546,0.9739999771118164,0.9739999771118164,0.9700000286102295,0.9679999947547913,0.9660000205039978,0.9639999866485596,0.9660000205039978,0.9660000205039978,0.9679999947547913,0.9700000286102295,0.972000002861023,inf,inf,inf,6.4079999923706055,6.4079999923706055,6.423999786376953,7.072000026702881,7.064000129699707,7.064000129699707,7.0960001945495605,7.104000091552734,7.111999988555908,7.136000156402588,7.136000156402588,7.1519999504089355,7.168000221252441,7.176000118255615,7.191999912261963,7.223999977111816,7.216000080108643,7.28000020980835,inf,inf,1.0219999551773071,1.0219999551773071,1.0140000581741333,1.0119999647140503,1.00600004196167,1.0019999742507935,0.9959999918937683,0.9959999918937683,0.9919999837875366,0.9879999756813049,0.9819999933242798,0.9860000014305115,inf,inf,6.368000030517578,6.368000030517578,6.184000015258789,6.039999961853027,5.935999870300293,inf,inf,inf,inf,inf,inf,inf,inf,inf,inf,inf,1.187999963760376,1.187999963760376,1.1799999475479126,1.1799999475479126,1.1679999828338623,1.1640000343322754,1.1519999504089355,1.1540000438690186,1.159999966621399,1.1540000438690186,1.156000018119812,1.1579999923706055,1.1579999923706055,1.1579999923706055,1.1540000438690186,1.149999976158142,1.149999976158142,1.1519999504089355,1.149999976158142,1.1460000276565552,1.1440000534057617,1.1399999856948853,1.128000020980835,1.0959999561309814,1.0920000076293945,1.0859999656677246,1.0839999914169312,1.0800000429153442,1.0800000429153442,1.3320000171661377,1.3320000171661377,1.3380000591278076,1.3380000591278076,1.3420000076293945,inf,inf,inf,inf,inf,inf,inf,inf,inf,inf,inf,inf,inf,3.2039999961853027,3.2039999961853027,3.191999912261963,3.2039999961853027,1.9359999895095825,1.9259999990463257,1.9220000505447388,1.9140000343322754,1.937999963760376,inf,inf,inf,inf,inf,inf,inf,inf,inf,2.4639999866485596,2.4639999866485596,2.4719998836517334,2.4639999866485596,inf,inf,inf,inf,inf,inf,inf,inf,inf,inf,inf,inf,3.007999897003174,3.007999897003174,3.0160000324249268,3.0160000324249268,3.0160000324249268,2.9040000438690186,3.007999897003174,3.007999897003174,3.007999897003174,3.003999948501587,3.003999948501587,3.003999948501587,3.003999948501587,3.003999948501587,3.0,3.003999948501587,3.003999948501587,4.052000045776367,4.039999961853027,4.039999961853027,4.047999858856201,4.047999858856201,4.035999774932861,3.135999917984009,3.119999885559082,3.119999885559082,3.0959999561309814,3.0920000076293945,3.0920000076293945,3.0880000591278076,3.0799999237060547,3.068000078201294,3.052000045776367,3.063999891281128,inf,inf,inf,inf,inf,inf,inf,inf,inf,inf,inf,inf,inf,inf,inf,inf,inf,inf,inf,inf,inf,inf,inf,4.320000171661377,4.320000171661377,4.328000068664551,4.328000068664551,inf,1.7020000219345093,1.7020000219345093,1.7059999704360962,1.7059999704360962,1.7100000381469727,1.7059999704360962,inf,inf,inf,3.2880001068115234,3.2880001068115234,3.2720000743865967,3.2720000743865967,3.2720000743865967,3.25600004196167,inf,inf,3.75600004196167,3.75600004196167,3.7360000610351562,3.7360000610351562,3.740000009536743,inf,inf,inf,2.119999885559082,2.119999885559082,2.1040000915527344,2.1080000400543213,inf,inf,inf,inf,inf,inf,inf,inf,inf,inf,inf,inf,inf,inf,inf,inf,inf,inf,inf,inf,inf,inf,inf,inf,inf,2.611999988555908,2.611999988555908,2.640000104904175,2.6519999504089355,2.6440000534057617,2.6440000534057617,inf,inf,2.9040000438690186,2.9040000438690186,inf,inf,inf,inf,inf,inf,3.2320001125335693,3.2320001125335693,3.240000009536743,3.240000009536743,3.2639999389648438,3.2720000743865967,3.2839999198913574,3.319999933242798,6.25600004196167,6.216000080108643,6.216000080108643,inf,inf,inf,2.140000104904175,2.140000104904175,2.115999937057495,2.0959999561309814,2.0959999561309814,inf,1.472000002861023,1.472000002861023,1.4559999704360962,1.4500000476837158,1.4579999446868896,1.4500000476837158,1.440000057220459,4.639999866485596,4.639999866485596,5.02400016784668,5.02400016784668,5.056000232696533,5.0879998207092285,5.1519999504089355,inf,5.544000148773193,5.544000148773193,5.519999980926514,5.519999980926514,5.495999813079834,5.48799991607666,5.504000186920166,5.480000019073486,5.432000160217285,5.432000160217285,5.4079999923706055,5.360000133514404,4.504000186920166,4.504000186920166,inf,inf,inf,inf,inf,inf,inf,inf,0.9779999852180481,0.9779999852180481,0.9739999771118164,0.9739999771118164,0.9679999947547913,0.9639999866485596,0.9539999961853027,0.9459999799728394,0.9300000071525574,0.9240000247955322,0.9079999923706055,0.8999999761581421,0.8859999775886536,0.8799999952316284,0.8659999966621399,0.8519999980926514,0.8460000157356262,0.8339999914169312,0.828000009059906,0.8159999847412109,0.8100000023841858,0.7979999780654907,0.7940000295639038,0.7820000052452087,0.777999997138977,0.7680000066757202,0.7639999985694885,0.7540000081062317,0.7480000257492065,0.7400000095367432,0.7300000190734863,0.7260000109672546,0.7179999947547913,0.7139999866485596,0.699999988079071,0.6919999718666077,inf,inf,inf,inf,inf,inf,inf,inf,0.6600000262260437,0.6600000262260437,0.6520000100135803,0.6460000276565552,0.6380000114440918,0.6359999775886536,inf,inf,0.628000020980835,0.628000020980835,0.6320000290870667,0.6359999775886536,0.6439999938011169,
-3.1241393089294434,3.1415927410125732,0.008714509196579456,0.15000000596046448,12.0,1696619334990334010,0.7080000042915344,0.7179999947547913,0.722000002861023,0.7260000109672546,0.7360000014305115,0.7400000095367432,0.75,0.7559999823570251,0.765999972820282,0.7720000147819519,0.777999997138977,0.7879999876022339,0.7940000295639038,0.8799999952316284,0.8859999775886536,0.8939999938011169,0.9079999923706055,0.9160000085830688,0.9240000247955322,0.9399999976158142,0.9480000138282776,0.9639999866485596,0.972000002861023,0.9900000095367432,1.0,1.0080000162124634,1.027999997138977,1.0379999876022339,1.0579999685287476,1.0679999589920044,1.100000023841858,1.0820000171661377,1.0820000171661377,1.093999981880188,1.093999981880188,1.0880000591278076,1.090000033378601,1.0920000076293945,1.093999981880188,1.093999981880188,1.0959999561309814,1.0980000495910645,1.0959999561309814,1.0980000495910645,1.0980000495910645,1.1019999980926514,1.1039999723434448,1.1039999723434448,1.1039999723434448,1.1119999885559082,1.1139999628067017,inf,inf,inf,inf,inf,1.1160000562667847,1.1160000562667847,1.1239999532699585,1.1239999532699585,1.128000020980835,1.128000020980835,1.1319999694824219,1.1339999437332153,1.1419999599456787,1.1419999599456787,0.1340000033378601,0.13199999928474426,1.1519999504089355,1.1540000438690186,1.1579999923706055,1.1619999408721924,1.1640000343322754,1.1699999570846558,1.1720000505447388,1.1779999732971191,1.1799999475479126,1.1859999895095825,1.1859999895095825,1.1859999895095825,1.1859999895095825,inf,inf,inf,inf,inf,1.2640000581741333,1.2640000581741333,1.25600004196167,1.25600004196167,1.2699999809265137,1.2920000553131104,1.3200000524520874,1.3799999952316284,1.4119999408721924,1.4800000190734863,1.5160000324249268,1.5540000200271606,1.6339999437332153,1.6740000247955322,1.7660000324249268,1.8140000104904175,4.23199987411499,4.23199987411499,4.168000221252441,4.168000221252441,4.168000221252441,4.199999809265137,5.23199987411499,5.23199987411499,5.208000183105469,5.208000183105469,5.176000118255615,5.176000118255615,inf,inf,4.263999938964844,4.263999938964844,4.263999938964844,4.263999938964844,inf,5.104000091552734,5.104000091552734,5.0960001945495605,5.0960001945495605,5.0879998207092285,5.0879998207092285,5.079999923706055,5.079999923706055,5.0879998207092285,5.0879998207092285,5.0879998207092285,5.0879998207092285,5.0879998207092285,5.079999923706055,5.039999961853027,5.056000232696533,5.104000091552734,5.0879998207092285,5.104000091552734,5.064000129699707,5.047999858856201,4.28000020980835,4.288000106811523,4.25600004196167,4.216000080108643,4.223999977111816,4.239999771118164,4.25600004196167,5.0879998207092285,5.0879998207092285,5.064000129699707,4.992000102996826,5.0320000648498535,5.104000091552734,5.111999988555908,5.127999782562256,5.1519999504089355,5.168000221252441,5.1519999504089355,5.1519999504089355,5.159999847412109,5.176000118255615,5.208000183105469,5.216000080108643,5.216000080108643,inf,5.263999938964844,5.263999938964844,5.263999938964844,5.263999938964844,5.288000106811523,5.296000003814697,5.320000171661377,inf,inf,inf,inf,inf,4.791999816894531,4.791999816894531,4.728000164031982,4.728000164031982,4.71999979019165,4.76800012588501,5.504000186920166,5.504000186920166,5.552000045776367,5.576000213623047,5.624000072479248,5.664000034332275,5.688000202178955,5.703999996185303,5.74399995803833,5.751999855041504,5.76800012588501,5.791999816894531,5.823999881744385,5.76800012588501,5.783999919891357,4.895999908447266,5.4720001220703125,5.4720001220703125,5.415999889373779,3.0920000076293945,3.0959999561309814,3.0959999561309814,3.0920000076293945,3.0920000076293945,3.0920000076293945,3.0920000076293945,inf,5.607999801635742,5.607999801635742,5.544000148773193,5.544000148773193,inf,inf,inf,inf,inf,inf,3.9040000438690186,3.9040000438690186,3.9119999408721924,7.208000183105469,7.176000118255615,7.176000118255615,7.296000003814697,7.296000003814697,6.791999816894531,6.791999816894531,6.808000087738037,7.464000225067139,3.9839999675750732,3.9839999675750732,3.9639999866485596,3.9560000896453857,3.9679999351501465,3.7239999771118164,3.7279999256134033,3.7320001125335693,3.7360000610351562,6.144000053405762,6.159999847412109,6.159999847412109,6.76800012588501,6.76800012588501,6.808000087738037,6.303999900817871,8.144000053405762,8.144000053405762,8.13599967956543,8.13599967956543,2.9119999408721924,2.9119999408721924,2.880000114440918,2.8239998817443848,2.812000036239624,2.7679998874664307,2.752000093460083,2.7160000801086426,2.700000047683716,2.6600000858306885,2.640000104904175,2.611999988555908,2.5959999561309814,2.563999891281128,2.5480000972747803,2.5280001163482666,2.5160000324249268,2.48799991607666,2.4560000896453857,2.4800000190734863,2.48799991607666,2.51200008392334,2.5239999294281006,2.5280001163482666,2.5439999103546143,2.555999994277954,2.5799999237060547,2.5840001106262207,inf,inf,inf,inf,2.759999990463257,2.759999990463257,inf,2.7760000228881836,2.7760000228881836,2.7880001068115234,2.803999900817871,2.8239998817443848,2.8440001010894775,2.8480000495910645,2.8320000171661377,2.8320000171661377,2.828000068664551,0.1340000033378601,2.815999984741211,0.13300000131130219,2.7960000038146973,2.7880001068115234,2.7960000038146973,2.7799999713897705,2.7839999198913574,2.7799999713897705,2.7760000228881836,2.7639999389648438,2.7639999389648438,2.759999990463257,2.759999990463257,2.7679998874664307,2.7639999389648438,inf,inf,inf,inf,inf,inf,2.992000102996826,2.992000102996826,3.0320000648498535,3.140000104904175,3.2039999961853027,6.736000061035156,6.736000061035156,6.74399995803833,6.736000061035156,6.736000061035156,6.711999893188477,inf,0.9639999866485596,0.9639999866485596,0.9620000123977661,0.9620000123977661,0.9620000123977661,0.9620000123977661,0.9599999785423279,0.9580000042915344,0.9559999704360962,0.9559999704360962,0.9559999704360962,0.9580000042915344,0.9620000123977661,0.9620000123977661,0.9660000205039978,inf,inf,7.127999782562256,7.127999782562256,7.064000129699707,7.079999923706055,7.1519999504089355,7.159999847412109,7.176000118255615,7.191999912261963,7.216000080108643,7.191999912261963,7.28000020980835,7.288000106811523,7.23199987411499,inf,2.7160000801086426,2.7160000801086426,1.0460000038146973,1.0460000038146973,1.0399999618530273,1.034000039100647,1.0299999713897705,1.0260000228881836,1.0219999551773071,1.0160000324249268,1.0140000581741333,1.0099999904632568,1.0099999904632568,1.0099999904632568,1.0119999647140503,inf,inf,inf,inf,inf,inf,inf,inf,inf,inf,inf,inf,inf,inf,inf,inf,inf,inf,inf,inf,1.3240000009536743,1.3240000009536743,1.2059999704360962,1.1959999799728394,1.190000057220459,1.1820000410079956,1.1759999990463257,1.1759999990463257,1.184000015258789,1.1759999990463257,1.1740000247955322,1.1799999475479126,1.1799999475479126,1.1799999475479126,1.1779999732971191,1.1759999990463257,1.1779999732971191,1.1779999732971191,1.1779999732971191,1.1740000247955322,1.1720000505447388,1.1679999828338623,1.149999976158142,1.1239999532699585,1.1200000047683716,1.1119999885559082,1.1059999465942383,1.0880000591278076,inf,inf,inf,inf,inf,inf,inf,inf,inf,inf,inf,inf,inf,inf,3.25600004196167,3.25600004196167,3.259999990463257,inf,inf,1.9739999771118164,1.9739999771118164,1.9700000286102295,1.9700000286102295,1.965999960899353,1.9859999418258667,inf,inf,inf,inf,inf,inf,inf,2.51200008392334,2.51200008392334,2.507999897003174,2.507999897003174,2.5160000324249268,2.5160000324249268,inf,inf,inf,inf,inf,inf,inf,inf,inf,inf,3.052000045776367,3.052000045776367,3.0480000972747803,3.0480000972747803,3.055999994277954,3.0439999103546143,2.940000057220459,3.055999994277954,3.055999994277954,3.0439999103546143,3.072000026702881,3.072000026702881,inf,3.068000078201294,3.068000078201294,3.068000078201294,3.072000026702881,4.0960001945495605,4.0960001945495605,4.0920000076293945,4.0920000076293945,4.0879998207092285,4.0960001945495605,4.079999923706055,3.171999931335449,3.1519999504089355,3.1519999504089355,3.1440000534057617,3.140000104904175,3.131999969482422,3.128000020980835,3.128000020980835,3.0999999046325684,inf,inf,inf,inf,inf,inf,inf,inf,inf,inf,inf,inf,inf,inf,inf,inf,inf,inf,inf,inf,inf,inf,inf,inf,4.368000030517578,4.368000030517578,4.375999927520752,4.328000068664551,inf,inf,1.7719999551773071,1.7719999551773071,1.7640000581741333,1.7680000066757202,1.7200000286102295,inf,inf,4.504000186920166,4.504000186920166,3.368000030517578,3.3519999980926514,3.3399999141693115,inf,inf,inf,inf,inf,3.884000062942505,3.884000062942505,inf,inf,inf,2.200000047683716,2.200000047683716,2.180000066757202,2.1679999828338623,2.171999931335449,inf,inf,inf,inf,inf,inf,inf,inf,inf,inf,inf,inf,inf,inf,inf,inf,inf,inf,inf,inf,inf,inf,inf,inf,2.6600000858306885,2.6600000858306885,2.691999912261963,2.691999912261963,2.7160000801086426,2.7079999446868896,5.360000133514404,5.360000133514404,inf,inf,inf,inf,inf,inf,inf,inf,3.4119999408721924,3.4119999408721924,3.3919999599456787,3.3919999599456787,3.3959999084472656,3.4159998893737793,inf,5.679999828338623,5.679999828338623,6.248000144958496,6.320000171661377,6.271999835968018,2.187999963760376,2.187999963760376,2.171999931335449,2.171999931335449,2.1679999828338623,2.1480000019073486,2.1480000019073486,2.180000066757202,2.187999963760376,1.9040000438690186,1.8839999437332153,1.8700000047683716,1.8680000305175781,1.8580000400543213,1.8539999723434448,4.664000034332275,4.664000034332275,4.97599983215332,4.97599983215332,5.039999961853027,5.119999885559082,5.144000053405762,inf,5.584000110626221,5.584000110626221,5.567999839782715,5.567999839782715,5.567999839782715,5.552000045776367,5.5279998779296875,5.519999980926514,5.5279998779296875,5.504000186920166,4.288000106811523,4.288000106811523,1.1419999599456787,1.1419999599456787,1.1319999694824219,1.1319999694824219,1.1239999532699585,inf,inf,inf,inf,inf,inf,inf,0.9200000166893005,0.9200000166893005,0.9179999828338623,0.9120000004768372,0.906000018119812,0.8980000019073486,0.8920000195503235,0.8759999871253967,0.8679999709129333,0.8539999723434448,0.8479999899864197,0.8339999914169312,0.8259999752044678,0.8140000104904175,0.8080000281333923,0.7940000295639038,0.7839999794960022,0.777999997138977,0.765999972820282,0.7599999904632568,0.75,0.7440000176429749,0.734000027179718,0.7300000190734863,0.7200000286102295,0.7160000205039978,0.7059999704360962,0.7020000219345093,0.6940000057220459,0.6899999976158142,0.6819999814033508,0.6740000247955322,0.6679999828338623,0.656000018119812,0.6499999761581421,inf,inf,inf,inf,inf,inf,inf,inf,inf,0.6620000004768372,0.6620000004768372,0.6579999923706055,0.6600000262260437,0.6660000085830688,0.6700000166893005,0.6779999732971191,0.6800000071525574,0.6840000152587891,0.6919999718666077,0.6959999799728394,0.7039999961853027,
-3.1241393089294434,3.1415927410125732,0.008714509196579456,0.15000000596046448,12.0,1696619335125471994,0.7739999890327454,0.777999997138977,0.7879999876022339,0.7919999957084656,0.7979999780654907,0.8080000281333923,0.8140000104904175,0.8259999752044678,0.8320000171661377,0.8420000076293945,0.8479999899864197,0.8539999723434448,0.8679999709129333,0.8740000128746033,0.9580000042915344,0.9660000205039978,0.9800000190734863,0.9879999756813049,0.9959999918937683,1.0119999647140503,1.0199999809265137,1.0379999876022339,1.0479999780654907,1.065999984741211,1.0859999656677246,1.0579999685287476,1.0720000267028809,1.0779999494552612,1.0720000267028809,1.0720000267028809,1.0720000267028809,1.0740000009536743,1.0759999752044678,1.0759999752044678,1.0759999752044678,1.0759999752044678,1.0759999752044678,1.0779999494552612,1.0779999494552612,1.0800000429153442,1.0800000429153442,1.0800000429153442,1.0800000429153442,1.0820000171661377,1.0820000171661377,1.0839999914169312,1.0839999914169312,1.0859999656677246,1.0880000591278076,1.093999981880188,1.1019999980926514,inf,inf,inf,inf,1.093999981880188,1.093999981880188,1.0980000495910645,1.1019999980926514,1.1100000143051147,1.1100000143051147,1.1119999885559082,1.1139999628067017,1.1160000562667847,1.1200000047683716,1.1239999532699585,0.13199999928474426,1.1299999952316284,0.13199999928474426,1.1380000114440918,1.1399999856948853,1.1419999599456787,1.1460000276565552,1.149999976158142,1.1540000438690186,1.1579999923706055,1.1640000343322754,1.1679999828338623,1.1720000505447388,1.1740000247955322,1.1699999570846558,inf,inf,inf,inf,inf,inf,1.2999999523162842,1.2999999523162842,1.309999942779541,1.3539999723434448,1.3799999952316284,1.437999963760376,1.4700000286102295,1.5,1.5700000524520874,1.6080000400543213,1.6460000276565552,1.7280000448226929,1.7699999809265137,inf,inf,inf,inf,inf,inf,inf,inf,inf,inf,5.136000156402588,5.136000156402588,5.119999885559082,5.119999885559082,inf,inf,inf,inf,inf,inf,inf,inf,5.064000129699707,5.064000129699707,5.015999794006348,5.015999794006348,5.02400016784668,5.015999794006348,5.039999961853027,5.02400016784668,5.02400016784668,5.015999794006348,5.0320000648498535,5.039999961853027,5.0,4.984000205993652,5.015999794006348,5.015999794006348,5.007999897003174,5.007999897003174,5.0,4.960000038146973,4.223999977111816,4.223999977111816,4.159999847412109,4.144000053405762,4.127999782562256,4.144000053405762,4.191999912261963,5.0320000648498535,5.0320000648498535,5.0320000648498535,5.0320000648498535,5.0320000648498535,5.039999961853027,5.056000232696533,5.0320000648498535,5.072000026702881,5.079999923706055,5.079999923706055,5.0879998207092285,5.0879998207092285,5.104000091552734,5.111999988555908,5.119999885559082,5.144000053405762,5.191999912261963,5.191999912261963,5.23199987411499,5.23199987411499,5.23199987411499,5.23199987411499,5.28000020980835,5.311999797821045,inf,inf,inf,inf,inf,inf,4.736000061035156,4.736000061035156,4.679999828338623,4.679999828338623,4.671999931335449,4.728000164031982,5.415999889373779,5.455999851226807,5.480000019073486,5.519999980926514,5.544000148773193,5.559999942779541,5.567999839782715,5.631999969482422,5.639999866485596,5.688000202178955,5.703999996185303,5.783999919891357,5.800000190734863,5.679999828338623,4.831999778747559,5.375999927520752,5.375999927520752,5.383999824523926,5.335999965667725,3.052000045776367,3.0280001163482666,3.0280001163482666,3.0280001163482666,3.0280001163482666,3.0320000648498535,3.0280001163482666,inf,5.464000225067139,5.464000225067139,5.432000160217285,5.432000160217285,5.455999851226807,5.76800012588501,inf,inf,inf,inf,3.864000082015991,3.864000082015991,3.8480000495910645,inf,7.064000129699707,7.064000129699707,7.0879998207092285,6.960000038146973,7.296000003814697,7.296000003814697,inf,inf,3.9200000762939453,3.9200000762939453,3.880000114440918,3.880000114440918,3.9159998893737793,3.6519999504089355,3.6600000858306885,3.6600000858306885,3.6559998989105225,3.671999931335449,6.335999965667725,6.064000129699707,6.064000129699707,6.02400016784668,6.239999771118164,8.13599967956543,8.13599967956543,8.128000259399414,8.128000259399414,8.095999717712402,8.071999549865723,2.8480000495910645,2.819999933242798,2.819999933242798,2.7960000038146973,2.7679998874664307,2.7360000610351562,2.7119998931884766,2.680000066757202,2.6519999504089355,2.615999937057495,2.611999988555908,2.568000078201294,2.552000045776367,2.5320000648498535,2.5199999809265137,2.492000102996826,2.4719998836517334,2.444000005722046,2.436000108718872,2.4000000953674316,2.436000108718872,2.4560000896453857,2.4639999866485596,2.4760000705718994,2.5,2.5,inf,inf,inf,inf,inf,inf,2.6640000343322754,2.6640000343322754,2.684000015258789,2.691999912261963,2.7279999256134033,2.74399995803833,2.75600004196167,2.7839999198913574,2.812000036239624,2.799999952316284,2.7920000553131104,2.7880001068115234,2.7799999713897705,2.7920000553131104,2.7920000553131104,2.7760000228881836,2.7639999389648438,2.7760000228881836,2.7639999389648438,2.759999990463257,2.759999990463257,2.759999990463257,2.759999990463257,2.75600004196167,2.75600004196167,2.752000093460083,2.74399995803833,inf,inf,inf,inf,inf,2.7639999389648438,2.7639999389648438,2.803999900817871,2.803999900817871,2.9040000438690186,2.9560000896453857,3.068000078201294,3.128000020980835,3.191999912261963,6.679999828338623,6.679999828338623,6.679999828338623,6.711999893188477,6.703999996185303,6.74399995803833,6.74399995803833,6.728000164031982,6.760000228881836,6.736000061035156,6.71999979019165,6.728000164031982,0.9539999961853027,0.9539999961853027,0.9520000219345093,0.9520000219345093,0.949999988079071,0.949999988079071,0.949999988079071,0.9480000138282776,0.9459999799728394,0.9440000057220459,0.9459999799728394,0.9480000138282776,0.949999988079071,0.9520000219345093,0.9520000219345093,0.9599999785423279,inf,inf,7.216000080108643,7.216000080108643,7.23199987411499,7.208000183105469,7.239999771118164,inf,inf,7.343999862670898,7.343999862670898,2.7119998931884766,2.696000099182129,2.700000047683716,inf,inf,inf,1.0720000267028809,1.0720000267028809,1.0540000200271606,1.0520000457763672,1.0440000295639038,1.0440000295639038,1.0440000295639038,1.0460000038146973,1.0499999523162842,inf,inf,inf,inf,inf,inf,inf,3.0840001106262207,3.0840001106262207,inf,inf,inf,inf,inf,inf,inf,inf,inf,inf,inf,inf,inf,1.3420000076293945,1.3420000076293945,1.2339999675750732,1.218000054359436,1.2120000123977661,1.2059999704360962,1.2020000219345093,1.1959999799728394,1.2079999446868896,1.2059999704360962,1.2039999961853027,1.2059999704360962,1.2100000381469727,1.2100000381469727,1.2079999446868896,1.2059999704360962,1.2079999446868896,1.2079999446868896,1.2059999704360962,1.2039999961853027,1.1920000314712524,1.187999963760376,inf,inf,inf,inf,inf,inf,inf,inf,inf,inf,4.599999904632568,4.599999904632568,4.584000110626221,4.584000110626221,4.567999839782715,inf,inf,inf,inf,inf,inf,inf,inf,2.0260000228881836,2.0260000228881836,2.0179998874664307,2.009999990463257,2.0239999294281006,inf,inf,inf,inf,inf,inf,inf,inf,inf,inf,inf,inf,inf,inf,inf,inf,inf,inf,inf,inf,inf,inf,inf,inf,inf,inf,inf,inf,inf,inf,inf,inf,inf,inf,inf,inf,3.0759999752044678,3.0759999752044678,3.115999937057495,3.131999969482422,3.128000020980835,4.1519999504089355,4.144000053405762,4.136000156402588,4.127999782562256,4.1519999504089355,3.2360000610351562,3.2360000610351562,3.2239999771118164,3.2079999446868896,3.180000066757202,3.1760001182556152,inf,inf,inf,inf,inf,inf,inf,inf,inf,inf,inf,inf,inf,inf,inf,inf,inf,inf,inf,inf,inf,inf,inf,inf,inf,4.440000057220459,4.440000057220459,4.464000225067139,4.432000160217285,1.809999942779541,1.8339999914169312,1.8339999914169312,1.8320000171661377,1.8320000171661377,1.8320000171661377,1.7940000295639038,inf,3.003999948501587,3.003999948501587,2.996000051498413,2.996000051498413,2.992000102996826,2.98799991607666,2.98799991607666,inf,2.936000108718872,2.936000108718872,2.9200000762939453,3.931999921798706,3.9040000438690186,3.875999927520752,inf,inf,2.25600004196167,2.25600004196167,2.2320001125335693,2.2279999256134033,2.2279999256134033,inf,inf,inf,inf,inf,inf,inf,inf,inf,inf,inf,inf,inf,inf,inf,inf,inf,inf,inf,inf,inf,inf,inf,inf,inf,2.7799999713897705,2.7799999713897705,2.7639999389648438,2.7720000743865967,inf,inf,inf,inf,inf,5.624000072479248,5.624000072479248,inf,inf,inf,inf,inf,inf,3.444000005722046,3.444000005722046,3.4560000896453857,3.4560000896453857,6.288000106811523,6.288000106811523,6.3520002365112305,6.3520002365112305,6.328000068664551,inf,2.2360000610351562,2.2360000610351562,2.2200000286102295,2.2119998931884766,2.2079999446868896,2.2200000286102295,2.240000009536743,5.535999774932861,5.535999774932861,5.535999774932861,2.371999979019165,2.371999979019165,2.359999895095825,2.359999895095825,5.056000232696533,5.056000232696533,inf,inf,5.216000080108643,5.216000080108643,inf,inf,inf,5.671999931335449,5.671999931335449,5.624000072479248,5.5920000076293945,5.567999839782715,5.559999942779541,5.535999774932861,5.519999980926514,1.159999966621399,1.159999966621399,1.1440000534057617,1.1440000534057617,1.1299999952316284,1.1039999723434448,1.0839999914169312,1.0720000267028809,1.055999994277954,1.0479999780654907,inf,inf,inf,inf,inf,0.8579999804496765,0.8579999804496765,0.8539999723434448,0.8539999723434448,0.8519999980926514,0.8479999899864197,0.8379999995231628,0.8339999914169312,0.8199999928474426,0.8119999766349792,0.7979999780654907,0.7839999794960022,0.777999997138977,0.765999972820282,0.7599999904632568,0.7480000257492065,0.7419999837875366,0.7300000190734863,0.7260000109672546,0.7139999866485596,0.7099999785423279,0.699999988079071,0.6940000057220459,0.6859999895095825,0.6759999990463257,0.671999990940094,0.6639999747276306,0.6600000262260437,0.6600000262260437,0.656000018119812,0.6460000276565552,0.6460000276565552,0.6480000019073486,0.6499999761581421,0.6480000019073486,0.6460000276565552,inf,inf,inf,inf,inf,inf,inf,inf,0.7200000286102295,0.7200000286102295,0.7200000286102295,0.7200000286102295,0.7200000286102295,0.7239999771118164,0.7300000190734863,0.7360000014305115,0.7440000176429749,0.7480000257492065,0.7519999742507935,0.7599999904632568,0.7639999985694885,
-3.1241393089294434,3.1415927410125732,0.008714509196579456,0.15000000596046448,12.0,1696619335260255294,0.8360000252723694,0.8420000076293945,0.8519999980926514,0.8579999804496765,0.8619999885559082,0.8740000128746033,0.878000020980835,0.8899999856948853,0.8960000276565552,0.9100000262260437,0.9160000085830688,0.921999990940094,0.9359999895095825,0.9440000057220459,1.0240000486373901,1.0299999713897705,1.0460000038146973,1.0540000200271606,1.059999942779541,1.059999942779541,1.0640000104904175,1.0640000104904175,1.059999942779541,1.0579999685287476,1.059999942779541,1.059999942779541,1.059999942779541,1.059999942779541,1.059999942779541,1.059999942779541,1.0579999685287476,1.059999942779541,1.059999942779541,1.059999942779541,1.062000036239624,1.059999942779541,1.059999942779541,1.062000036239624,1.0640000104904175,1.062000036239624,1.062000036239624,1.0640000104904175,1.0640000104904175,1.065999984741211,1.065999984741211,1.0679999589920044,1.0700000524520874,1.0700000524520874,1.0700000524520874,1.0740000009536743,1.0820000171661377,inf,inf,inf,1.0800000429153442,1.0800000429153442,1.0839999914169312,1.0839999914169312,1.0859999656677246,1.0880000591278076,1.0959999561309814,1.0980000495910645,1.0980000495910645,1.1019999980926514,0.13600000739097595,1.1059999465942383,1.1080000400543213,0.13199999928474426,1.1119999885559082,1.1160000562667847,1.1200000047683716,1.1260000467300415,1.1299999952316284,1.1339999437332153,1.1399999856948853,1.1460000276565552,1.1480000019073486,1.1540000438690186,1.156000018119812,1.149999976158142,1.1419999599456787,inf,inf,inf,inf,inf,inf,1.3899999856948853,1.3899999856948853,1.406000018119812,1.4299999475479126,1.4579999446868896,1.5180000066757202,1.5499999523162842,1.6160000562667847,1.649999976158142,1.6859999895095825,inf,inf,inf,inf,inf,inf,inf,inf,4.0960001945495605,4.0960001945495605,5.0879998207092285,5.0879998207092285,5.064000129699707,5.064000129699707,5.064000129699707,5.064000129699707,5.02400016784668,inf,4.159999847412109,4.159999847412109,4.144000053405762,4.144000053405762,4.97599983215332,4.97599983215332,4.97599983215332,4.97599983215332,4.97599983215332,4.97599983215332,4.9679999351501465,4.9679999351501465,4.952000141143799,4.960000038146973,4.952000141143799,4.943999767303467,4.943999767303467,4.943999767303467,4.952000141143799,4.943999767303467,4.952000141143799,4.960000038146973,4.960000038146973,4.952000141143799,4.952000141143799,4.927999973297119,4.159999847412109,4.159999847412109,4.159999847412109,4.067999839782715,4.067999839782715,4.039999961853027,4.047999858856201,4.0960001945495605,4.176000118255615,4.9679999351501465,4.9039998054504395,4.9120001792907715,4.9120001792907715,4.984000205993652,4.984000205993652,5.0,5.0,5.007999897003174,5.007999897003174,5.02400016784668,5.0320000648498535,5.039999961853027,5.047999858856201,5.064000129699707,5.072000026702881,5.072000026702881,5.0960001945495605,5.111999988555908,5.111999988555908,5.127999782562256,5.127999782562256,5.144000053405762,5.191999912261963,5.191999912261963,inf,inf,inf,inf,inf,4.696000099182129,4.696000099182129,4.6479997634887695,4.607999801635742,4.599999904632568,4.656000137329102,5.392000198364258,5.392000198364258,5.4079999923706055,5.432000160217285,5.440000057220459,5.455999851226807,5.48799991607666,5.504000186920166,5.567999839782715,5.584000110626221,5.639999866485596,5.679999828338623,5.711999893188477,5.656000137329102,inf,inf,5.383999824523926,5.383999824523926,5.440000057220459,inf,2.9639999866485596,2.9639999866485596,2.9679999351501465,2.9679999351501465,2.9719998836517334,2.9800000190734863,2.9800000190734863,6.320000171661377,6.320000171661377,5.447999954223633,5.447999954223633,5.383999824523926,5.432000160217285,5.679999828338623,inf,5.584000110626221,5.584000110626221,inf,inf,3.7880001068115234,3.7880001068115234,6.943999767303467,6.943999767303467,6.984000205993652,6.984000205993652,6.920000076293945,6.863999843597412,6.9039998054504395,inf,inf,inf,3.7920000553131104,3.7920000553131104,3.803999900817871,3.819999933242798,3.572000026702881,3.572000026702881,3.5759999752044678,3.5880000591278076,3.615999937057495,6.176000118255615,6.02400016784668,6.0,6.015999794006348,6.383999824523926,8.119999885559082,8.119999885559082,8.119999885559082,8.119999885559082,8.008000373840332,7.935999870300293,2.815999984741211,2.815999984741211,2.7960000038146973,2.7720000743865967,2.752000093460083,2.7119998931884766,2.687999963760376,2.6600000858306885,2.640000104904175,2.619999885559082,2.6080000400543213,2.552000045776367,2.5320000648498535,2.5160000324249268,2.51200008392334,2.4760000705718994,2.4560000896453857,2.431999921798706,2.427999973297119,2.4000000953674316,2.371999979019165,2.3959999084472656,2.4040000438690186,2.4240000247955322,2.427999973297119,inf,inf,inf,inf,inf,2.5799999237060547,2.5799999237060547,2.5920000076293945,2.5920000076293945,2.619999885559082,2.628000020980835,2.6480000019073486,2.6640000343322754,2.7039999961853027,2.7160000801086426,2.74399995803833,2.7679998874664307,0.1340000033378601,2.759999990463257,2.759999990463257,2.75600004196167,2.752000093460083,2.747999906539917,2.74399995803833,2.740000009536743,2.740000009536743,2.74399995803833,2.740000009536743,2.7279999256134033,2.7279999256134033,2.7239999771118164,2.7239999771118164,2.7039999961853027,inf,inf,inf,inf,inf,2.7119998931884766,2.7119998931884766,2.7160000801086426,2.7160000801086426,2.7079999446868896,2.747999906539917,2.803999900817871,2.9119999408721924,2.9679999351501465,3.0880000591278076,3.1519999504089355,3.2239999771118164,6.679999828338623,6.671999931335449,6.671999931335449,6.736000061035156,6.71999979019165,6.728000164031982,6.751999855041504,6.728000164031982,6.736000061035156,6.6479997634887695,6.607999801635742,6.440000057220459,6.343999862670898,6.328000068664551,6.328000068664551,6.360000133514404,6.392000198364258,6.383999824523926,inf,0.9459999799728394,0.9459999799728394,0.9440000057220459,0.9440000057220459,0.9419999718666077,0.9419999718666077,0.9399999976158142,0.9380000233650208,0.9399999976158142,0.9419999718666077,0.9440000057220459,0.9440000057220459,0.949999988079071,0.949999988079071,inf,inf,7.335999965667725,7.335999965667725,7.368000030517578,7.383999824523926,2.7119998931884766,2.7119998931884766,7.047999858856201,7.047999858856201,7.0879998207092285,7.0879998207092285,7.072000026702881,7.007999897003174,2.312000036239624,2.312000036239624,inf,inf,inf,inf,inf,inf,inf,inf,inf,inf,inf,inf,inf,inf,5.552000045776367,5.552000045776367,inf,inf,inf,1.6239999532699585,1.6239999532699585,1.6059999465942383,1.6059999465942383,1.5980000495910645,1.5980000495910645,inf,inf,inf,inf,1.3580000400543213,1.3580000400543213,1.2660000324249268,1.25600004196167,1.25,1.2380000352859497,1.2339999675750732,1.2259999513626099,1.2380000352859497,1.2419999837875366,1.2400000095367432,1.2400000095367432,1.2419999837875366,1.24399995803833,1.2419999837875366,1.2380000352859497,1.2280000448226929,inf,inf,inf,inf,inf,inf,inf,inf,inf,1.1979999542236328,1.1979999542236328,1.1920000314712524,inf,4.631999969482422,4.631999969482422,4.616000175476074,4.5920000076293945,4.584000110626221,4.559999942779541,4.544000148773193,4.4720001220703125,inf,inf,inf,2.059999942779541,2.059999942779541,2.052000045776367,2.052000045776367,2.0480000972747803,2.059999942779541,inf,inf,inf,inf,inf,inf,inf,inf,inf,inf,inf,inf,inf,inf,inf,inf,inf,inf,inf,inf,inf,inf,inf,inf,inf,inf,inf,2.947999954223633,2.947999954223633,2.947999954223633,2.947999954223633,2.9719998836517334,2.9040000438690186,2.944000005722046,2.9839999675750732,inf,inf,inf,inf,inf,4.136000156402588,4.136000156402588,4.184000015258789,4.191999912261963,3.303999900817871,3.2760000228881836,3.2760000228881836,3.2639999389648438,3.247999906539917,3.2320001125335693,3.2360000610351562,inf,inf,inf,inf,inf,inf,inf,inf,inf,inf,inf,inf,inf,inf,inf,inf,inf,inf,inf,inf,inf,inf,inf,inf,inf,4.519999980926514,4.519999980926514,4.535999774932861,inf,inf,1.899999976158142,1.899999976158142,1.8919999599456787,1.8919999599456787,inf,inf,inf,3.0399999618530273,3.0399999618530273,3.063999891281128,3.068000078201294,3.072000026702881,3.063999891281128,3.003999948501587,3.003999948501587,3.052000045776367,3.052000045776367,3.0320000648498535,3.0320000648498535,inf,inf,2.312000036239624,2.312000036239624,2.299999952316284,2.299999952316284,2.2920000553131104,2.2880001068115234,inf,inf,inf,inf,inf,inf,inf,inf,inf,inf,inf,inf,inf,inf,inf,inf,inf,inf,inf,inf,inf,inf,inf,inf,2.808000087738037,2.808000087738037,2.8239998817443848,2.8239998817443848,2.7920000553131104,5.535999774932861,5.535999774932861,inf,inf,5.71999979019165,5.71999979019165,inf,inf,inf,inf,inf,inf,3.5239999294281006,3.5239999294281006,3.507999897003174,3.48799991607666,5.927999973297119,5.927999973297119,6.423999786376953,6.423999786376953,6.4079999923706055,inf,2.364000082015991,2.364000082015991,2.3239998817443848,2.308000087738037,2.2920000553131104,2.2960000038146973,4.751999855041504,4.751999855041504,5.584000110626221,5.584000110626221,5.5920000076293945,2.8480000495910645,2.808000087738037,2.808000087738037,2.803999900817871,2.803999900817871,2.7880001068115234,3.812000036239624,3.7960000038146973,3.7960000038146973,3.7960000038146973,inf,3.808000087738037,3.808000087738037,3.7960000038146973,3.7920000553131104,5.639999866485596,1.2020000219345093,1.2020000219345093,1.1820000410079956,1.1820000410079956,1.1640000343322754,1.1319999694824219,1.1019999980926514,1.0880000591278076,1.0579999685287476,1.0460000038146973,1.0219999551773071,1.0140000581741333,0.9940000176429749,0.984000027179718,0.9700000286102295,inf,inf,inf,inf,inf,inf,0.7940000295639038,0.7940000295639038,0.7900000214576721,0.7860000133514404,0.7820000052452087,0.7739999890327454,0.7680000066757202,0.7559999823570251,0.75,0.7360000014305115,0.7300000190734863,0.7179999947547913,0.7120000123977661,0.699999988079071,0.6959999799728394,0.6840000152587891,0.6759999990463257,inf,0.6639999747276306,0.6639999747276306,0.6660000085830688,0.6679999828338623,0.6700000166893005,0.6740000247955322,0.6759999990463257,0.6800000071525574,0.6819999814033508,0.6880000233650208,0.6899999976158142,0.6940000057220459,0.6959999799728394,0.7020000219345093,0.7039999961853027,0.7039999961853027,0.699999988079071,inf,inf,inf,inf,inf,inf,inf,inf,0.7820000052452087,0.7820000052452087,0.7799999713897705,0.7799999713897705,0.777999997138977,0.7820000052452087,0.7900000214576721,0.7940000295639038,0.7979999780654907,0.8080000281333923,0.8119999766349792,0.8220000267028809,0.8259999752044678,
-3.1241393089294434,3.1415927410125732,0.008714509196579456,0.15000000596046448,12.0,1696619335395967014,0.8960000276565552,0.9020000100135803,0.9120000004768372,0.9179999828338623,0.9240000247955322,0.9340000152587891,0.9419999718666077,0.9539999961853027,0.9599999785423279,0.9739999771118164,0.9800000190734863,0.9879999756813049,1.0019999742507935,1.0099999904632568,1.0540000200271606,1.0520000457763672,1.0479999780654907,1.0479999780654907,1.0479999780654907,1.0479999780654907,1.0479999780654907,1.0460000038146973,1.0460000038146973,1.0440000295639038,1.0440000295639038,1.0440000295639038,1.0440000295639038,1.0440000295639038,1.0440000295639038,1.0440000295639038,1.0440000295639038,1.0440000295639038,1.0420000553131104,1.0440000295639038,1.0420000553131104,1.0440000295639038,1.0440000295639038,1.0440000295639038,1.0440000295639038,1.0460000038146973,1.0440000295639038,1.0460000038146973,1.0460000038146973,1.0460000038146973,1.0479999780654907,1.0479999780654907,1.0479999780654907,1.0499999523162842,1.0540000200271606,1.055999994277954,1.0640000104904175,inf,inf,inf,inf,inf,1.0640000104904175,1.0640000104904175,1.0720000267028809,1.0720000267028809,1.0759999752044678,1.0759999752044678,1.0779999494552612,1.0779999494552612,1.0820000171661377,1.0880000591278076,1.0880000591278076,0.13199999928474426,1.0959999561309814,1.1019999980926514,1.1080000400543213,1.1100000143051147,1.1139999628067017,1.1200000047683716,1.1200000047683716,1.1239999532699585,1.1260000467300415,1.1260000467300415,1.1480000019073486,1.159999966621399,inf,inf,inf,inf,inf,inf,inf,1.472000002861023,1.472000002861023,1.4919999837875366,1.5160000324249268,1.5440000295639038,1.6059999465942383,1.6399999856948853,1.6740000247955322,inf,inf,inf,2.4159998893737793,2.4159998893737793,inf,inf,inf,inf,inf,inf,2.436000108718872,2.436000108718872,5.047999858856201,5.047999858856201,5.039999961853027,5.056000232696533,5.039999961853027,inf,inf,inf,3.7119998931884766,3.7119998931884766,3.7279999256134033,3.7360000610351562,3.7200000286102295,inf,inf,inf,inf,4.9120001792907715,4.9120001792907715,4.9039998054504395,4.895999908447266,4.888000011444092,4.880000114440918,4.872000217437744,4.872000217437744,4.880000114440918,4.863999843597412,4.895999908447266,4.895999908447266,4.895999908447266,4.888000011444092,4.9039998054504395,4.855999946594238,4.119999885559082,4.0960001945495605,4.0,4.004000186920166,4.02400016784668,3.98799991607666,4.007999897003174,4.056000232696533,4.888000011444092,4.888000011444092,4.863999843597412,4.888000011444092,4.927999973297119,4.927999973297119,4.935999870300293,4.927999973297119,4.943999767303467,4.943999767303467,4.952000141143799,4.960000038146973,4.97599983215332,4.984000205993652,4.992000102996826,4.992000102996826,5.015999794006348,5.007999897003174,5.0320000648498535,5.0320000648498535,5.072000026702881,5.072000026702881,5.079999923706055,5.079999923706055,5.0879998207092285,5.0960001945495605,inf,inf,inf,inf,inf,4.656000137329102,4.656000137329102,4.624000072479248,4.624000072479248,4.552000045776367,4.5279998779296875,4.616000175476074,5.335999965667725,5.3520002365112305,5.360000133514404,5.392000198364258,5.423999786376953,5.423999786376953,5.432000160217285,5.4720001220703125,5.48799991607666,5.504000186920166,5.559999942779541,5.567999839782715,5.616000175476074,5.639999866485596,inf,5.335999965667725,5.335999965667725,inf,inf,inf,inf,inf,inf,inf,inf,6.223999977111816,6.223999977111816,6.320000171661377,inf,5.368000030517578,5.368000030517578,5.3520002365112305,5.616000175476074,5.584000110626221,5.703999996185303,5.535999774932861,5.535999774932861,3.7160000801086426,3.7160000801086426,3.7200000286102295,3.7200000286102295,inf,6.624000072479248,6.624000072479248,6.559999942779541,6.51200008392334,6.392000198364258,6.392000198364258,6.343999862670898,6.271999835968018,3.759999990463257,3.740000009536743,3.740000009536743,3.747999906539917,3.759999990463257,3.552000045776367,3.552000045776367,3.5280001163482666,3.5320000648498535,3.563999891281128,5.880000114440918,5.880000114440918,5.863999843597412,5.943999767303467,inf,inf,8.088000297546387,8.088000297546387,8.015999794006348,7.9679999351501465,7.927999973297119,7.9039998054504395,2.75600004196167,inf,2.74399995803833,2.74399995803833,2.7039999961853027,2.6640000343322754,2.6480000019073486,2.619999885559082,2.6080000400543213,2.5880000591278076,2.5399999618530273,2.5239999294281006,2.5160000324249268,2.503999948501587,2.4600000381469727,2.440000057220459,2.431999921798706,2.4200000762939453,2.3919999599456787,2.375999927520752,2.3559999465942383,2.319999933242798,2.3519999980926514,2.364000082015991,inf,inf,inf,inf,2.4839999675750732,2.4839999675750732,2.492000102996826,2.503999948501587,2.5160000324249268,2.5360000133514404,2.5480000972747803,2.5840001106262207,2.6040000915527344,2.628000020980835,2.640000104904175,2.671999931335449,2.687999963760376,2.7160000801086426,0.13300000131130219,2.74399995803833,2.74399995803833,2.7360000610351562,2.7320001125335693,2.7320001125335693,2.7239999771118164,2.7320001125335693,2.7160000801086426,2.7119998931884766,2.7079999446868896,2.7039999961853027,2.7039999961853027,2.700000047683716,inf,inf,inf,inf,inf,inf,2.7119998931884766,2.7119998931884766,2.687999963760376,2.691999912261963,2.691999912261963,2.691999912261963,2.684000015258789,2.7239999771118164,2.7839999198913574,2.8959999084472656,2.9600000381469727,3.0920000076293945,3.1600000858306885,3.2320001125335693,6.679999828338623,6.711999893188477,6.703999996185303,6.696000099182129,6.711999893188477,6.711999893188477,6.71999979019165,6.71999979019165,6.664000034332275,6.51200008392334,6.464000225067139,6.328000068664551,6.360000133514404,6.360000133514404,6.375999927520752,6.383999824523926,6.383999824523926,7.056000232696533,7.056000232696533,7.064000129699707,7.111999988555908,7.0960001945495605,inf,0.9480000138282776,0.9480000138282776,0.9459999799728394,0.9459999799728394,0.9459999799728394,0.9459999799728394,0.9440000057220459,0.9419999718666077,0.9419999718666077,0.9419999718666077,0.9419999718666077,0.9419999718666077,0.9459999799728394,0.9480000138282776,0.949999988079071,0.9520000219345093,2.7200000286102295,2.7200000286102295,inf,7.0,7.0,6.800000190734863,6.616000175476074,inf,inf,inf,inf,inf,inf,inf,inf,inf,inf,1.0700000524520874,1.0700000524520874,1.0720000267028809,1.0720000267028809,1.0740000009536743,1.0759999752044678,1.0740000009536743,1.0740000009536743,1.0759999752044678,inf,inf,1.715999960899353,1.715999960899353,inf,inf,inf,inf,inf,inf,inf,inf,inf,inf,inf,inf,1.371999979019165,1.371999979019165,1.2879999876022339,1.277999997138977,1.2680000066757202,1.2640000581741333,1.2580000162124634,1.2640000581741333,1.2660000324249268,1.2580000162124634,1.253999948501587,1.2580000162124634,inf,inf,inf,inf,inf,inf,inf,inf,1.2480000257492065,1.2480000257492065,1.2359999418258667,1.2300000190734863,1.2259999513626099,1.2239999771118164,1.2259999513626099,inf,4.624000072479248,4.624000072479248,4.607999801635742,4.607999801635742,inf,inf,inf,inf,inf,inf,inf,2.1080000400543213,2.1080000400543213,2.1040000915527344,2.0999999046325684,2.1080000400543213,inf,inf,inf,inf,inf,inf,inf,inf,inf,inf,inf,inf,inf,inf,inf,inf,inf,inf,inf,inf,inf,inf,inf,inf,inf,inf,3.003999948501587,3.003999948501587,2.992000102996826,2.98799991607666,2.9839999675750732,inf,inf,inf,inf,inf,4.28000020980835,4.28000020980835,4.28000020980835,4.28000020980835,4.28000020980835,4.28000020980835,4.25600004196167,3.359999895095825,3.3399999141693115,3.315999984741211,3.308000087738037,inf,inf,inf,inf,inf,inf,inf,inf,inf,inf,inf,inf,inf,inf,inf,inf,inf,inf,inf,inf,inf,inf,inf,inf,inf,inf,4.599999904632568,4.599999904632568,4.576000213623047,4.576000213623047,1.9420000314712524,1.9620000123977661,1.9620000123977661,1.9559999704360962,1.9559999704360962,1.9579999446868896,inf,inf,inf,inf,3.115999937057495,3.115999937057495,3.128000020980835,3.119999885559082,inf,inf,3.0480000972747803,3.0480000972747803,3.124000072479248,3.124000072479248,3.111999988555908,inf,2.380000114440918,2.380000114440918,2.364000082015991,2.364000082015991,2.3559999465942383,2.3559999465942383,inf,inf,inf,inf,inf,inf,inf,inf,inf,inf,inf,inf,inf,inf,inf,inf,inf,inf,inf,inf,inf,inf,inf,inf,inf,inf,2.815999984741211,2.815999984741211,inf,5.552000045776367,5.552000045776367,5.616000175476074,inf,inf,inf,inf,inf,inf,inf,inf,inf,3.5280001163482666,3.5280001163482666,inf,inf,5.9679999351501465,5.9679999351501465,6.455999851226807,6.455999851226807,6.440000057220459,2.4000000953674316,2.4000000953674316,2.388000011444092,2.3919999599456787,2.384000062942505,2.384000062942505,4.76800012588501,inf,inf,inf,inf,2.9240000247955322,2.9240000247955322,2.9240000247955322,2.9200000762939453,2.9119999408721924,3.8559999465942383,3.8480000495910645,3.8399999141693115,3.8399999141693115,3.8320000171661377,3.8480000495910645,3.8480000495910645,inf,1.2400000095367432,1.2400000095367432,1.2200000286102295,1.2200000286102295,1.1799999475479126,1.159999966621399,1.1260000467300415,1.1080000400543213,1.0740000009536743,1.0579999685287476,1.0299999713897705,1.0,0.9879999756813049,0.9620000123977661,0.949999988079071,0.9340000152587891,0.9240000247955322,0.9079999923706055,0.9020000100135803,inf,inf,inf,inf,inf,inf,0.7279999852180481,0.7279999852180481,0.7260000109672546,0.7260000109672546,0.7179999947547913,0.7139999866485596,0.7059999704360962,0.699999988079071,0.6819999814033508,0.6880000233650208,0.6880000233650208,0.6899999976158142,0.6940000057220459,0.6959999799728394,0.6980000138282776,0.699999988079071,0.7039999961853027,0.7059999704360962,0.7080000042915344,0.7099999785423279,0.7139999866485596,0.7160000205039978,0.7200000286102295,0.7239999771118164,0.7260000109672546,0.7300000190734863,0.734000027179718,0.7379999756813049,0.7419999837875366,0.7459999918937683,0.7480000257492065,0.7519999742507935,0.7559999823570251,0.7580000162124634,0.7559999823570251,0.7519999742507935,inf,inf,inf,inf,inf,inf,inf,0.843999981880188,0.843999981880188,0.8379999995231628,0.8379999995231628,0.8379999995231628,0.8399999737739563,0.8479999899864197,0.8519999980926514,0.8560000061988831,0.8659999966621399,0.8700000047683716,0.8799999952316284,0.8859999775886536,
-3.1241393089294434,3.1415927410125732,0.008714509196579456,0.15000000596046448,12.0,1696619335530566241,0.9520000219345093,0.9639999866485596,0.9679999947547913,0.9800000190734863,0.9879999756813049,0.9940000176429749,1.00600004196167,1.0119999647140503,1.0260000228881836,1.031999945640564,1.0460000038146973,1.0479999780654907,1.0479999780654907,1.0520000457763672,1.0360000133514404,1.0360000133514404,1.0360000133514404,1.031999945640564,1.031999945640564,1.031999945640564,1.0299999713897705,1.031999945640564,1.0299999713897705,1.0299999713897705,1.027999997138977,1.0299999713897705,1.027999997138977,1.027999997138977,1.0260000228881836,1.0260000228881836,1.0260000228881836,1.0260000228881836,1.0260000228881836,1.0260000228881836,1.0260000228881836,1.0260000228881836,1.0260000228881836,1.0260000228881836,1.0260000228881836,1.0260000228881836,1.0260000228881836,1.0299999713897705,1.0299999713897705,1.0299999713897705,1.0299999713897705,1.031999945640564,1.031999945640564,1.034000039100647,1.0360000133514404,1.0420000553131104,1.0479999780654907,inf,inf,inf,inf,inf,1.0420000553131104,1.0420000553131104,1.0479999780654907,1.0520000457763672,1.055999994277954,1.0579999685287476,1.062000036239624,1.0640000104904175,1.0720000267028809,1.0759999752044678,1.0759999752044678,0.13199999928474426,1.0839999914169312,1.0820000171661377,1.0839999914169312,1.090000033378601,1.0859999656677246,1.1100000143051147,1.121999979019165,1.149999976158142,1.1660000085830688,1.1820000410079956,1.2120000123977661,1.2259999513626099,1.24399995803833,inf,inf,inf,inf,inf,inf,1.5540000200271606,1.5540000200271606,1.5720000267028809,1.593999981880188,1.6239999532699585,1.6519999504089355,inf,inf,inf,inf,inf,inf,inf,2.368000030517578,2.368000030517578,inf,inf,2.388000011444092,2.388000011444092,inf,5.0,5.0,5.0,5.0,4.984000205993652,4.97599983215332,inf,inf,3.6679999828338623,3.6679999828338623,3.7119998931884766,3.7119998931884766,3.6559998989105225,3.6559998989105225,inf,inf,4.855999946594238,4.855999946594238,4.840000152587891,4.840000152587891,4.831999778747559,4.831999778747559,4.815999984741211,4.815999984741211,4.808000087738037,4.808000087738037,4.800000190734863,4.791999816894531,4.800000190734863,4.855999946594238,4.840000152587891,4.823999881744385,4.840000152587891,4.808000087738037,4.0320000648498535,4.035999774932861,4.01200008392334,3.9800000190734863,3.931999921798706,3.9119999408721924,3.940000057220459,inf,4.823999881744385,4.823999881744385,4.808000087738037,4.823999881744385,4.840000152587891,4.840000152587891,4.855999946594238,4.855999946594238,4.888000011444092,4.888000011444092,4.880000114440918,4.888000011444092,4.9039998054504395,4.9120001792907715,4.920000076293945,4.920000076293945,4.935999870300293,4.927999973297119,5.0,5.0,4.984000205993652,4.984000205993652,5.0,5.0,5.007999897003174,5.047999858856201,inf,inf,inf,inf,inf,inf,4.567999839782715,4.567999839782715,4.5279998779296875,4.5279998779296875,4.4720001220703125,5.296000003814697,5.296000003814697,5.303999900817871,5.303999900817871,5.328000068664551,5.335999965667725,5.375999927520752,5.383999824523926,5.400000095367432,5.432000160217285,5.447999954223633,5.464000225067139,5.495999813079834,5.519999980926514,5.504000186920166,inf,inf,inf,5.288000106811523,5.288000106811523,inf,2.8519999980926514,2.8519999980926514,inf,2.8480000495910645,2.8480000495910645,2.8480000495910645,2.8440001010894775,2.8559999465942383,inf,5.311999797821045,5.311999797821045,5.328000068664551,5.328000068664551,5.51200008392334,5.584000110626221,5.703999996185303,5.4079999923706055,inf,inf,3.6600000858306885,3.6600000858306885,3.6760001182556152,inf,inf,inf,6.223999977111816,6.223999977111816,inf,inf,inf,inf,3.7160000801086426,3.7160000801086426,3.7119998931884766,3.7119998931884766,3.7360000610351562,3.492000102996826,3.503999948501587,3.503999948501587,3.492000102996826,3.51200008392334,inf,6.0,6.0,6.0,inf,inf,inf,8.039999961853027,8.039999961853027,7.920000076293945,7.840000152587891,7.751999855041504,7.751999855041504,2.7200000286102295,2.691999912261963,2.691999912261963,2.671999931335449,2.6519999504089355,2.624000072479248,2.615999937057495,2.5799999237060547,2.563999891281128,2.5239999294281006,2.51200008392334,2.492000102996826,2.4719998836517334,2.440000057220459,2.431999921798706,2.4119999408721924,2.4040000438690186,2.371999979019165,2.359999895095825,2.3440001010894775,2.328000068664551,inf,inf,inf,inf,inf,2.3959999084472656,2.3959999084472656,2.4159998893737793,2.4159998893737793,2.436000108718872,2.444000005722046,2.4719998836517334,2.48799991607666,2.5199999809265137,2.5280001163482666,0.13500000536441803,2.572000026702881,0.13500000536441803,0.13300000131130219,2.635999917984009,2.6679999828338623,2.684000015258789,2.7279999256134033,2.7079999446868896,2.7079999446868896,2.700000047683716,2.700000047683716,2.700000047683716,2.687999963760376,2.687999963760376,2.680000066757202,2.6760001182556152,2.671999931335449,inf,inf,inf,inf,inf,inf,2.671999931335449,2.671999931335449,2.6679999828338623,2.671999931335449,2.684000015258789,2.6760001182556152,2.6760001182556152,2.671999931335449,2.6760001182556152,2.680000066757202,2.7320001125335693,2.7920000553131104,2.9200000762939453,2.992000102996826,3.1440000534057617,6.760000228881836,6.760000228881836,6.703999996185303,6.71999979019165,6.696000099182129,6.711999893188477,6.728000164031982,6.736000061035156,6.679999828338623,6.51200008392334,6.455999851226807,6.328000068664551,6.3520002365112305,6.3520002365112305,6.368000030517578,6.368000030517578,6.360000133514404,7.064000129699707,7.064000129699707,7.064000129699707,7.072000026702881,7.047999858856201,7.136000156402588,7.1519999504089355,7.1519999504089355,7.1519999504089355,7.184000015258789,7.199999809265137,7.199999809265137,7.216000080108643,0.9679999947547913,0.9679999947547913,0.9679999947547913,0.9679999947547913,0.9679999947547913,0.9639999866485596,0.9620000123977661,0.9599999785423279,0.9580000042915344,0.9580000042915344,0.9580000042915344,0.9599999785423279,0.9599999785423279,0.9639999866485596,0.9660000205039978,0.9800000190734863,inf,inf,inf,inf,inf,inf,inf,inf,inf,6.111999988555908,6.111999988555908,5.9679999351501465,inf,1.121999979019165,1.121999979019165,1.1139999628067017,1.1100000143051147,1.1059999465942383,1.1039999723434448,1.100000023841858,1.100000023841858,1.0959999561309814,1.093999981880188,1.0959999561309814,1.0980000495910645,inf,inf,inf,inf,inf,inf,inf,inf,inf,inf,inf,1.6160000562667847,1.6160000562667847,1.4259999990463257,1.4079999923706055,1.3919999599456787,1.309999942779541,1.309999942779541,1.2940000295639038,1.284000039100647,inf,inf,inf,inf,inf,inf,inf,inf,inf,1.3320000171661377,1.3320000171661377,1.3220000267028809,1.315999984741211,1.3140000104904175,1.312000036239624,1.281999945640564,1.2760000228881836,1.2699999809265137,1.2680000066757202,1.2680000066757202,1.2660000324249268,inf,inf,inf,4.559999942779541,4.559999942779541,4.544000148773193,4.544000148773193,inf,inf,2.1559998989105225,2.1559998989105225,2.1519999504089355,2.1519999504089355,2.1559998989105225,inf,inf,inf,inf,inf,inf,inf,inf,inf,inf,inf,inf,inf,inf,inf,inf,inf,inf,inf,inf,inf,inf,inf,inf,inf,3.0759999752044678,3.0759999752044678,3.072000026702881,3.055999994277954,3.055999994277954,3.055999994277954,3.068000078201294,3.0799999237060547,inf,inf,inf,4.176000118255615,4.176000118255615,4.1519999504089355,4.144000053405762,4.136000156402588,4.111999988555908,3.4040000438690186,3.375999927520752,3.3519999980926514,3.3519999980926514,inf,inf,inf,inf,inf,inf,inf,inf,inf,inf,inf,inf,inf,inf,inf,inf,inf,inf,inf,inf,inf,inf,inf,inf,inf,inf,4.631999969482422,4.631999969482422,4.631999969482422,4.599999904632568,inf,inf,2.0239999294281006,2.0239999294281006,2.009999990463257,1.9880000352859497,3.2320001125335693,3.2320001125335693,3.196000099182129,3.191999912261963,3.187999963760376,3.187999963760376,3.200000047683716,3.180000066757202,inf,inf,3.171999931335449,3.171999931335449,4.0960001945495605,4.0960001945495605,2.4560000896453857,2.4560000896453857,2.431999921798706,2.431999921798706,2.4240000247955322,2.4200000762939453,inf,inf,inf,inf,inf,inf,inf,inf,inf,inf,inf,inf,inf,inf,inf,inf,inf,inf,inf,inf,inf,inf,inf,inf,inf,inf,inf,5.631999969482422,5.631999969482422,5.6479997634887695,5.6479997634887695,5.631999969482422,4.51200008392334,inf,inf,inf,inf,inf,inf,inf,inf,3.631999969482422,3.631999969482422,3.5920000076293945,5.176000118255615,6.015999794006348,6.015999794006348,inf,6.48799991607666,6.48799991607666,6.447999954223633,2.803999900817871,2.803999900817871,2.7880001068115234,2.7799999713897705,2.7839999198913574,2.7960000038146973,4.8480000495910645,4.8480000495910645,5.751999855041504,inf,2.9639999866485596,2.9639999866485596,2.9639999866485596,2.9600000381469727,4.808000087738037,4.808000087738037,5.176000118255615,5.144000053405762,inf,inf,inf,1.277999997138977,1.277999997138977,1.2519999742507935,1.2039999961853027,1.1820000410079956,1.1419999599456787,1.121999979019165,1.0859999656677246,1.0700000524520874,1.034000039100647,1.0019999742507935,0.9879999756813049,0.9580000042915344,0.9459999799728394,0.9179999828338623,0.8939999938011169,0.8820000290870667,0.8619999885559082,0.8539999723434448,0.8379999995231628,0.8299999833106995,0.8199999928474426,inf,inf,inf,inf,inf,inf,inf,0.7039999961853027,0.7039999961853027,0.7039999961853027,0.7160000205039978,0.7200000286102295,0.7260000109672546,0.7279999852180481,0.7300000190734863,0.7319999933242798,0.7360000014305115,0.7379999756813049,0.7400000095367432,0.7419999837875366,0.7440000176429749,0.7480000257492065,0.75,0.7540000081062317,0.7559999823570251,0.7599999904632568,0.7620000243186951,0.7680000066757202,0.7699999809265137,0.7720000147819519,0.7760000228881836,0.7799999713897705,0.7839999794960022,0.7860000133514404,0.7919999957084656,0.7960000038146973,0.800000011920929,0.8040000200271606,0.8059999942779541,0.8100000023841858,0.8100000023841858,0.8040000200271606,inf,inf,inf,inf,inf,inf,inf,inf,0.9020000100135803,0.9020000100135803,0.8960000276565552,0.8939999938011169,0.8960000276565552,0.8999999761581421,0.9120000004768372,0.9160000085830688,0.9200000166893005,0.9300000071525574,0.9359999895095825,0.9459999799728394,
-3.1241393089294434,3.1415927410125732,0.008714509196579456,0.15000000596046448,12.0,1696619335666056407,1.0160000324249268,1.0219999551773071,1.027999997138977,1.0399999618530273,1.0460000038146973,1.0460000038146973,1.0460000038146973,1.0499999523162842,1.0479999780654907,1.0440000295639038,1.0420000553131104,1.0420000553131104,1.0420000553131104,1.0399999618530273,1.0219999551773071,1.0199999809265137,1.0199999809265137,1.0180000066757202,1.0180000066757202,1.0160000324249268,1.0140000581741333,1.0140000581741333,1.0140000581741333,1.0119999647140503,1.0119999647140503,1.0099999904632568,1.0119999647140503,1.0119999647140503,1.0099999904632568,1.0099999904632568,1.0080000162124634,1.0080000162124634,1.0080000162124634,1.00600004196167,1.0099999904632568,1.0099999904632568,1.0099999904632568,1.0099999904632568,1.0099999904632568,1.0099999904632568,1.0099999904632568,1.0119999647140503,1.0140000581741333,1.0160000324249268,1.0160000324249268,1.0160000324249268,1.0160000324249268,1.0160000324249268,1.0180000066757202,1.0240000486373901,1.027999997138977,inf,inf,inf,inf,1.027999997138977,1.027999997138977,1.031999945640564,1.0379999876022339,1.0440000295639038,1.0440000295639038,1.0440000295639038,1.0499999523162842,1.0499999523162842,1.0499999523162842,1.0540000200271606,0.1340000033378601,0.13199999928474426,1.0800000429153442,1.093999981880188,1.1200000047683716,1.1319999694824219,1.1460000276565552,1.1740000247955322,1.187999963760376,1.218000054359436,1.2319999933242798,1.25,1.284000039100647,1.2979999780654907,1.3220000267028809,inf,inf,inf,inf,inf,inf,1.6299999952316284,1.6299999952316284,1.9579999446868896,1.9579999446868896,inf,inf,inf,inf,inf,4.004000186920166,4.004000186920166,4.0,inf,5.039999961853027,5.039999961853027,3.868000030517578,3.868000030517578,inf,inf,4.97599983215332,4.97599983215332,4.943999767303467,4.943999767303467,4.943999767303467,4.9120001792907715,inf,inf,inf,inf,inf,inf,inf,4.791999816894531,4.791999816894531,4.800000190734863,4.800000190734863,4.791999816894531,4.791999816894531,4.791999816894531,4.783999919891357,4.791999816894531,4.776000022888184,4.783999919891357,4.76800012588501,4.760000228881836,4.760000228881836,4.751999855041504,4.76800012588501,4.751999855041504,4.76800012588501,4.776000022888184,4.783999919891357,4.76800012588501,3.9719998836517334,3.9639999866485596,3.9639999866485596,3.927999973297119,3.9240000247955322,3.9040000438690186,3.884000062942505,3.880000114440918,3.944000005722046,4.76800012588501,4.776000022888184,4.76800012588501,4.776000022888184,4.783999919891357,4.783999919891357,4.776000022888184,inf,4.840000152587891,4.840000152587891,4.815999984741211,4.823999881744385,4.831999778747559,4.855999946594238,4.863999843597412,4.872000217437744,4.872000217437744,inf,4.9120001792907715,4.9120001792907715,4.895999908447266,4.952000141143799,4.943999767303467,4.943999767303467,4.960000038146973,4.9679999351501465,inf,inf,inf,inf,inf,inf,4.51200008392334,4.51200008392334,4.4720001220703125,4.4720001220703125,4.383999824523926,4.415999889373779,5.248000144958496,5.248000144958496,5.263999938964844,5.271999835968018,5.271999835968018,5.296000003814697,5.311999797821045,5.343999862670898,5.360000133514404,5.383999824523926,5.392000198364258,5.4079999923706055,5.440000057220459,5.432000160217285,5.440000057220459,inf,inf,5.23199987411499,5.23199987411499,inf,inf,inf,2.828000068664551,2.828000068664551,2.815999984741211,2.815999984741211,2.7839999198913574,2.7880001068115234,2.7880001068115234,inf,inf,5.248000144958496,5.248000144958496,5.48799991607666,5.48799991607666,5.504000186920166,inf,5.383999824523926,5.383999824523926,inf,inf,3.6080000400543213,3.6080000400543213,3.6080000400543213,6.76800012588501,6.808000087738037,6.888000011444092,6.671999931335449,6.671999931335449,6.184000015258789,6.184000015258789,inf,inf,3.6480000019073486,3.6480000019073486,3.628000020980835,3.6760001182556152,3.640000104904175,3.4119999408721924,3.4200000762939453,3.4240000247955322,3.4560000896453857,inf,inf,inf,inf,inf,inf,8.008000373840332,8.008000373840332,7.992000102996826,7.920000076293945,7.823999881744385,7.74399995803833,7.656000137329102,7.656000137329102,2.680000066757202,2.6519999504089355,2.6519999504089355,2.628000020980835,2.611999988555908,2.5920000076293945,2.552000045776367,2.5280001163482666,2.5199999809265137,2.503999948501587,2.4839999675750732,2.444000005722046,2.427999973297119,2.4200000762939453,2.3919999599456787,2.375999927520752,2.364000082015991,2.3480000495910645,2.3399999141693115,2.312000036239624,2.303999900817871,inf,inf,2.303999900817871,2.303999900817871,2.319999933242798,2.319999933242798,2.3320000171661377,2.3399999141693115,2.364000082015991,2.380000114440918,2.4119999408721924,2.4240000247955322,2.440000057220459,0.13600000739097595,2.4760000705718994,2.51200008392334,0.13300000131130219,0.13199999928474426,2.563999891281128,2.6040000915527344,2.619999885559082,2.6480000019073486,2.691999912261963,2.687999963760376,2.684000015258789,2.6760001182556152,2.671999931335449,2.671999931335449,2.671999931335449,2.6600000858306885,2.6559998989105225,inf,inf,inf,inf,inf,inf,2.6600000858306885,2.6600000858306885,2.6440000534057617,2.6440000534057617,2.6480000019073486,2.6519999504089355,2.6519999504089355,2.6519999504089355,2.6480000019073486,2.6519999504089355,2.6519999504089355,2.6480000019073486,2.6519999504089355,2.740000009536743,2.808000087738037,2.875999927520752,3.0320000648498535,3.111999988555908,6.639999866485596,6.639999866485596,6.6479997634887695,6.679999828338623,6.688000202178955,6.688000202178955,6.656000137329102,6.624000072479248,6.4720001220703125,6.415999889373779,6.25600004196167,6.28000020980835,6.3520002365112305,6.360000133514404,6.360000133514404,6.368000030517578,7.056000232696533,7.0879998207092285,7.0879998207092285,7.104000091552734,7.079999923706055,7.144000053405762,7.176000118255615,7.184000015258789,7.199999809265137,7.208000183105469,7.208000183105469,7.199999809265137,7.25600004196167,7.271999835968018,7.271999835968018,inf,inf,inf,inf,1.003999948501587,1.003999948501587,1.003999948501587,1.0019999742507935,0.9980000257492065,0.9900000095367432,0.9900000095367432,0.9959999918937683,0.9980000257492065,inf,inf,inf,inf,inf,inf,inf,inf,inf,5.895999908447266,5.895999908447266,5.831999778747559,5.831999778747559,3.359999895095825,3.359999895095825,3.359999895095825,3.375999927520752,inf,1.1440000534057617,1.1440000534057617,1.1360000371932983,1.1360000371932983,1.1299999952316284,1.1260000467300415,1.121999979019165,1.1200000047683716,1.1180000305175781,1.1160000562667847,1.1160000562667847,1.1180000305175781,inf,inf,inf,inf,inf,inf,inf,1.6480000019073486,1.6480000019073486,1.6419999599456787,1.6460000276565552,1.6640000343322754,1.399999976158142,1.399999976158142,inf,inf,inf,inf,inf,inf,inf,inf,1.371999979019165,1.371999979019165,1.3600000143051147,1.3600000143051147,1.3459999561309814,1.3459999561309814,1.3519999980926514,1.3539999723434448,1.3539999723434448,1.3519999980926514,1.350000023841858,1.340000033378601,1.315999984741211,1.3140000104904175,1.3079999685287476,1.309999942779541,1.309999942779541,1.309999942779541,inf,inf,inf,inf,inf,inf,inf,2.2079999446868896,2.2079999446868896,2.196000099182129,2.191999912261963,inf,inf,inf,2.7639999389648438,2.7639999389648438,2.7320001125335693,2.7320001125335693,inf,inf,inf,inf,inf,inf,inf,inf,inf,inf,inf,inf,inf,inf,inf,inf,inf,inf,3.1519999504089355,3.1519999504089355,inf,inf,inf,inf,inf,inf,3.3480000495910645,3.3480000495910645,inf,4.400000095367432,4.400000095367432,4.400000095367432,4.400000095367432,4.323999881744385,3.4119999408721924,3.4119999408721924,inf,inf,inf,inf,inf,inf,inf,inf,inf,inf,inf,inf,inf,inf,inf,inf,inf,inf,inf,inf,inf,inf,inf,inf,inf,inf,inf,4.696000099182129,4.696000099182129,4.679999828338623,4.711999893188477,4.688000202178955,2.0840001106262207,2.0840001106262207,2.0799999237060547,2.0799999237060547,2.0480000972747803,3.2960000038146973,3.2960000038146973,3.2639999389648438,3.25600004196167,3.25600004196167,3.25600004196167,3.25600004196167,3.2360000610351562,3.2360000610351562,3.2360000610351562,inf,inf,4.144000053405762,4.144000053405762,inf,inf,2.496000051498413,2.496000051498413,2.48799991607666,2.48799991607666,inf,inf,inf,inf,inf,inf,inf,inf,inf,inf,inf,inf,inf,inf,inf,inf,inf,inf,inf,inf,inf,inf,inf,inf,2.947999954223633,2.947999954223633,2.931999921798706,2.931999921798706,inf,5.696000099182129,5.696000099182129,4.559999942779541,4.559999942779541,inf,3.2239999771118164,3.2239999771118164,inf,inf,inf,inf,inf,inf,inf,5.296000003814697,5.296000003814697,5.28000020980835,6.047999858856201,6.48799991607666,6.48799991607666,6.5279998779296875,5.952000141143799,6.02400016784668,inf,3.2239999771118164,3.2239999771118164,4.840000152587891,4.840000152587891,4.815999984741211,inf,3.0399999618530273,3.0399999618530273,3.0239999294281006,3.0239999294281006,3.072000026702881,4.872000217437744,3.9200000762939453,3.9200000762939453,3.9159998893737793,1.315999984741211,1.315999984741211,1.2860000133514404,1.2599999904632568,1.2079999446868896,1.1820000410079956,1.1380000114440918,1.093999981880188,1.0740000009536743,1.0379999876022339,1.0199999809265137,0.984000027179718,0.9520000219345093,0.9359999895095825,0.9079999923706055,0.8939999938011169,0.8679999709129333,0.8539999723434448,0.8299999833106995,0.8080000281333923,0.7979999780654907,0.777999997138977,0.7699999809265137,0.7480000257492065,0.7480000257492065,0.765999972820282,0.7620000243186951,inf,inf,inf,inf,inf,inf,0.7519999742507935,0.7519999742507935,0.7540000081062317,0.7599999904632568,0.7699999809265137,0.7720000147819519,0.7739999890327454,0.777999997138977,0.7799999713897705,0.7839999794960022,0.7860000133514404,0.7879999876022339,0.7900000214576721,0.7940000295639038,0.7960000038146973,0.800000011920929,0.8019999861717224,0.8059999942779541,0.8100000023841858,0.8119999766349792,0.8159999847412109,0.8180000185966492,0.8240000009536743,0.8259999752044678,0.8320000171661377,0.8339999914169312,0.8399999737739563,0.8420000076293945,0.8479999899864197,0.8500000238418579,0.8539999723434448,0.8600000143051147,0.8619999885559082,0.8619999885559082,0.8619999885559082,inf,inf,inf,inf,inf,inf,inf,inf,0.9539999961853027,0.9539999961853027,0.9520000219345093,0.9520000219345093,0.9539999961853027,0.9620000123977661,0.9679999947547913,0.972000002861023,0.9819999933242798,0.9879999756813049,1.0,1.00600004196167,
-3.1241393089294434,3.1415927410125732,0.008714509196579456,0.15000000596046448,12.0,1696619335800610579,1.0460000038146973,1.0460000038146973,1.0420000553131104,1.0379999876022339,1.0360000133514404,1.0360000133514404,1.034000039100647,1.031999945640564,1.031999945640564,1.027999997138977,1.0260000228881836,1.0260000228881836,1.0240000486373901,1.0219999551773071,1.003999948501587,1.003999948501587,1.0019999742507935,1.0019999742507935,1.0,1.0,0.9980000257492065,0.9959999918937683,0.9959999918937683,0.9940000176429749,0.9940000176429749,0.9940000176429749,0.9919999837875366,0.9940000176429749,0.9919999837875366,0.9900000095367432,0.9900000095367432,0.9919999837875366,0.9919999837875366,0.9919999837875366,0.9919999837875366,0.9919999837875366,0.9940000176429749,0.9940000176429749,0.9940000176429749,0.9940000176429749,0.9940000176429749,0.9959999918937683,0.9959999918937683,0.9959999918937683,0.9940000176429749,0.9959999918937683,0.9980000257492065,1.0,1.0019999742507935,1.00600004196167,1.0140000581741333,inf,inf,inf,inf,1.0119999647140503,1.0119999647140503,1.0199999809265137,1.0219999551773071,1.0219999551773071,1.0199999809265137,1.0260000228881836,1.0379999876022339,0.13500000536441803,1.0679999589920044,0.13500000536441803,1.100000023841858,1.1119999885559082,0.13199999928474426,1.1480000019073486,1.1759999990463257,1.190000057220459,1.215999960899353,1.2319999933242798,1.2480000257492065,1.277999997138977,1.2940000295639038,1.3279999494552612,1.3459999561309814,1.3760000467300415,1.3860000371932983,inf,inf,inf,inf,inf,inf,inf,inf,inf,inf,2.2760000228881836,2.2760000228881836,inf,inf,inf,inf,2.3320000171661377,2.3320000171661377,2.3519999980926514,2.3519999980926514,2.368000030517578,inf,inf,4.9120001792907715,4.9120001792907715,4.9039998054504395,4.9039998054504395,4.888000011444092,4.872000217437744,inf,inf,inf,inf,3.5799999237060547,3.5799999237060547,3.572000026702881,3.568000078201294,3.563999891281128,inf,inf,inf,4.736000061035156,4.736000061035156,4.728000164031982,4.728000164031982,4.736000061035156,4.71999979019165,4.71999979019165,4.71999979019165,4.71999979019165,4.711999893188477,4.71999979019165,4.71999979019165,4.71999979019165,4.728000164031982,4.71999979019165,4.703999996185303,4.703999996185303,4.699999809265137,3.9200000762939453,3.9200000762939453,3.880000114440918,3.819999933242798,3.808000087738037,3.799999952316284,3.815999984741211,3.864000082015991,4.71999979019165,4.728000164031982,4.728000164031982,4.559999942779541,4.559999942779541,4.71999979019165,4.728000164031982,inf,inf,4.760000228881836,4.760000228881836,4.76800012588501,4.776000022888184,4.776000022888184,4.783999919891357,4.800000190734863,4.808000087738037,4.808000087738037,inf,4.872000217437744,4.872000217437744,4.8480000495910645,4.920000076293945,4.920000076293945,4.920000076293945,4.9039998054504395,4.927999973297119,inf,inf,inf,inf,inf,inf,4.440000057220459,4.440000057220459,4.400000095367432,4.400000095367432,4.343999862670898,4.320000171661377,4.432000160217285,5.144000053405762,5.176000118255615,5.168000221252441,5.208000183105469,5.23199987411499,5.263999938964844,5.271999835968018,5.296000003814697,5.311999797821045,5.360000133514404,5.375999927520752,5.383999824523926,5.400000095367432,5.360000133514404,inf,inf,5.144000053405762,5.144000053405762,inf,inf,inf,2.7239999771118164,2.7239999771118164,inf,inf,2.7360000610351562,2.7360000610351562,inf,inf,inf,5.208000183105469,5.208000183105469,5.191999912261963,5.432000160217285,5.375999927520752,5.6479997634887695,5.320000171661377,5.320000171661377,inf,inf,3.559999942779541,3.559999942779541,3.5480000972747803,3.568000078201294,6.447999954223633,6.400000095367432,6.311999797821045,inf,6.064000129699707,6.064000129699707,6.039999961853027,inf,3.5840001106262207,3.5840001106262207,3.552000045776367,3.552000045776367,3.559999942779541,3.5480000972747803,3.359999895095825,3.359999895095825,3.368000030517578,3.375999927520752,3.380000114440918,5.703999996185303,5.760000228881836,5.808000087738037,5.8480000495910645,5.9120001792907715,6.136000156402588,7.943999767303467,7.895999908447266,7.783999919891357,7.736000061035156,7.696000099182129,7.607999801635742,7.607999801635742,7.504000186920166,2.640000104904175,2.611999988555908,2.611999988555908,2.5959999561309814,2.552000045776367,2.5320000648498535,2.5160000324249268,2.503999948501587,2.4679999351501465,2.4519999027252197,2.431999921798706,2.4200000762939453,2.3919999599456787,2.380000114440918,2.359999895095825,2.3480000495910645,2.3239998817443848,2.315999984741211,inf,inf,inf,inf,inf,2.2360000610351562,2.2360000610351562,2.247999906539917,2.2679998874664307,2.2799999713897705,2.2960000038146973,2.319999933242798,2.3320000171661377,2.3519999980926514,2.368000030517578,2.4000000953674316,2.4159998893737793,2.440000057220459,2.4519999027252197,2.4839999675750732,2.507999897003174,2.5320000648498535,2.5480000972747803,2.5840001106262207,2.5999999046325684,2.619999885559082,2.687999963760376,2.6600000858306885,2.6480000019073486,2.6480000019073486,2.6440000534057617,2.640000104904175,inf,inf,inf,inf,inf,inf,2.6600000858306885,2.6600000858306885,2.635999917984009,2.635999917984009,2.628000020980835,2.628000020980835,2.628000020980835,2.635999917984009,2.6440000534057617,2.631999969482422,2.631999969482422,2.6440000534057617,2.6480000019073486,2.635999917984009,2.635999917984009,2.671999931335449,2.7239999771118164,2.868000030517578,2.9560000896453857,3.135999917984009,6.656000137329102,6.656000137329102,6.664000034332275,6.671999931335449,6.688000202178955,6.6479997634887695,6.576000213623047,6.464000225067139,6.392000198364258,6.248000144958496,6.288000106811523,6.368000030517578,6.360000133514404,6.375999927520752,6.375999927520752,7.064000129699707,7.047999858856201,7.064000129699707,7.079999923706055,7.079999923706055,7.176000118255615,7.168000221252441,7.168000221252441,7.176000118255615,7.199999809265137,7.208000183105469,7.239999771118164,7.28000020980835,7.28000020980835,7.28000020980835,inf,inf,inf,7.495999813079834,7.495999813079834,7.480000019073486,7.480000019073486,7.4079999923706055,inf,1.0520000457763672,1.0520000457763672,1.0540000200271606,inf,inf,inf,inf,inf,inf,inf,inf,inf,inf,inf,inf,inf,5.751999855041504,5.751999855041504,3.371999979019165,3.371999979019165,3.375999927520752,3.3959999084472656,3.171999931335449,3.171999931335449,3.1640000343322754,4.059999942779541,inf,1.1740000247955322,1.1740000247955322,1.1640000343322754,1.159999966621399,1.1519999504089355,1.149999976158142,1.1460000276565552,1.1440000534057617,1.1419999599456787,1.1399999856948853,1.1419999599456787,1.1460000276565552,inf,inf,1.690000057220459,1.690000057220459,1.684000015258789,1.684000015258789,inf,inf,inf,inf,inf,inf,inf,inf,inf,inf,inf,inf,1.3860000371932983,1.3860000371932983,1.378000020980835,1.3760000467300415,1.3919999599456787,1.3919999599456787,1.3899999856948853,1.3919999599456787,1.3960000276565552,1.3980000019073486,1.399999976158142,1.3980000019073486,1.3940000534057617,1.378000020980835,1.3600000143051147,1.3559999465942383,1.3539999723434448,1.3519999980926514,1.3559999465942383,inf,inf,inf,inf,inf,inf,2.259999990463257,2.259999990463257,2.25600004196167,2.247999906539917,inf,inf,inf,inf,inf,inf,inf,inf,inf,inf,inf,inf,inf,inf,inf,inf,inf,inf,inf,inf,inf,inf,inf,3.191999912261963,3.191999912261963,3.187999963760376,3.187999963760376,inf,inf,inf,inf,inf,inf,3.371999979019165,3.371999979019165,4.455999851226807,4.455999851226807,4.447999954223633,4.400000095367432,3.492000102996826,3.492000102996826,inf,inf,inf,inf,inf,inf,inf,inf,inf,inf,inf,inf,inf,inf,inf,inf,inf,inf,inf,inf,inf,inf,inf,inf,inf,inf,inf,4.791999816894531,4.791999816894531,4.776000022888184,inf,inf,2.1519999504089355,2.1519999504089355,2.1480000019073486,2.1480000019073486,2.115999937057495,3.312000036239624,3.312000036239624,3.3239998817443848,3.3239998817443848,3.3239998817443848,3.308000087738037,3.2960000038146973,inf,3.2920000553131104,3.2920000553131104,3.312000036239624,3.312000036239624,3.2920000553131104,inf,2.559999942779541,2.559999942779541,2.5439999103546143,2.5439999103546143,2.552000045776367,3.799999952316284,inf,inf,inf,inf,inf,inf,inf,inf,inf,inf,inf,inf,inf,inf,inf,inf,inf,inf,inf,inf,inf,inf,inf,inf,inf,inf,inf,5.736000061035156,5.736000061035156,5.74399995803833,inf,4.671999931335449,4.671999931335449,inf,inf,inf,inf,inf,inf,inf,inf,inf,inf,5.383999824523926,5.383999824523926,6.02400016784668,6.127999782562256,6.519999980926514,6.552000045776367,6.5279998779296875,inf,3.615999937057495,3.615999937057495,3.6080000400543213,3.635999917984009,4.935999870300293,4.935999870300293,3.1040000915527344,3.1040000915527344,3.0959999561309814,3.0880000591278076,3.0840001106262207,inf,inf,1.3660000562667847,1.3660000562667847,1.3339999914169312,1.2979999780654907,1.2359999418258667,1.2100000381469727,1.156000018119812,1.1059999465942383,1.0820000171661377,1.0379999876022339,1.0180000066757202,0.9800000190734863,0.9419999718666077,0.9259999990463257,0.8939999938011169,0.8619999885559082,0.8479999899864197,0.8199999928474426,0.8080000281333923,0.7799999713897705,0.7799999713897705,0.7839999794960022,0.7860000133514404,0.7860000133514404,0.7879999876022339,0.7900000214576721,0.7919999957084656,0.800000011920929,0.8019999861717224,0.8119999766349792,0.8040000200271606,inf,inf,inf,inf,inf,inf,0.7940000295639038,0.7940000295639038,0.7979999780654907,0.8100000023841858,0.8140000104904175,0.8199999928474426,0.8220000267028809,0.8259999752044678,0.828000009059906,0.8299999833106995,0.8339999914169312,0.8339999914169312,0.8379999995231628,0.8399999737739563,0.8460000157356262,0.8479999899864197,0.8519999980926514,0.8539999723434448,0.8600000143051147,0.8619999885559082,0.8659999966621399,0.8700000047683716,0.871999979019165,0.8759999871253967,0.8799999952316284,0.8859999775886536,0.8880000114440918,0.8939999938011169,0.8960000276565552,0.9039999842643738,0.906000018119812,0.9120000004768372,0.9160000085830688,0.9160000085830688,0.9139999747276306,inf,inf,inf,inf,inf,inf,inf,inf,1.0099999904632568,1.0099999904632568,1.0080000162124634,1.0080000162124634,1.0099999904632568,1.0160000324249268,1.0260000228881836,1.0299999713897705,1.0360000133514404,1.0460000038146973,1.065999984741211,inf,
-3.1241393089294434,3.1415927410125732,0.008714509196579456,0.15000000596046448,12.0,1696619335935759433,1.0299999713897705,1.027999997138977,1.0260000228881836,1.0240000486373901,1.0219999551773071,1.0199999809265137,1.0180000066757202,1.0140000581741333,1.0119999647140503,1.0119999647140503,1.0119999647140503,1.0099999904632568,1.0080000162124634,1.00600004196167,0.9860000014305115,0.9860000014305115,0.9819999933242798,0.9819999933242798,0.9819999933242798,0.9800000190734863,0.9819999933242798,0.9819999933242798,0.9779999852180481,0.9760000109672546,0.9760000109672546,0.9760000109672546,0.9739999771118164,0.9739999771118164,0.9760000109672546,0.9760000109672546,0.9760000109672546,0.9760000109672546,0.9760000109672546,0.9739999771118164,0.9739999771118164,0.972000002861023,0.9739999771118164,0.9739999771118164,0.9739999771118164,0.9739999771118164,0.9760000109672546,0.9760000109672546,0.9779999852180481,0.9779999852180481,0.9819999933242798,0.984000027179718,0.9860000014305115,0.9879999756813049,0.9860000014305115,0.9879999756813049,0.9940000176429749,inf,inf,inf,inf,1.0019999742507935,1.0019999742507935,1.0160000324249268,1.0299999713897705,1.0399999618530273,1.062000036239624,1.0720000267028809,1.0820000171661377,1.1039999723434448,1.1139999628067017,0.13600000739097595,0.13300000131130219,1.1720000505447388,1.1859999895095825,1.2000000476837158,1.2259999513626099,1.2400000095367432,1.2680000066757202,1.281999945640564,1.3140000104904175,1.3300000429153442,1.3480000495910645,1.3799999952316284,1.399999976158142,1.4299999475479126,1.444000005722046,inf,inf,inf,inf,inf,inf,inf,inf,inf,inf,3.431999921798706,3.431999921798706,3.4200000762939453,3.4200000762939453,2.2799999713897705,2.2799999713897705,2.2639999389648438,2.2639999389648438,2.259999990463257,inf,inf,inf,inf,5.0879998207092285,5.0879998207092285,5.072000026702881,5.064000129699707,5.064000129699707,inf,inf,inf,3.868000030517578,3.868000030517578,inf,inf,inf,inf,inf,inf,inf,inf,4.671999931335449,4.671999931335449,4.671999931335449,4.679999828338623,4.664000034332275,4.656000137329102,4.664000034332275,4.656000137329102,4.656000137329102,4.664000034332275,4.664000034332275,4.664000034332275,4.671999931335449,4.656000137329102,4.6479997634887695,4.631999969482422,4.656000137329102,4.631999969482422,3.8519999980926514,3.815999984741211,3.759999990463257,3.7679998874664307,3.74399995803833,3.7360000610351562,3.7679998874664307,3.7760000228881836,4.584000110626221,4.584000110626221,4.671999931335449,4.679999828338623,4.624000072479248,4.624000072479248,4.599999904632568,4.624000072479248,4.671999931335449,4.671999931335449,4.688000202178955,4.703999996185303,4.703999996185303,4.711999893188477,4.71999979019165,4.728000164031982,4.736000061035156,4.751999855041504,4.74399995803833,4.800000190734863,4.800000190734863,4.783999919891357,inf,4.831999778747559,4.831999778747559,4.855999946594238,4.840000152587891,inf,inf,inf,inf,inf,inf,inf,inf,4.423999786376953,4.423999786376953,4.296000003814697,4.288000106811523,4.328000068664551,4.455999851226807,5.104000091552734,5.111999988555908,5.127999782562256,5.168000221252441,5.176000118255615,5.208000183105469,5.223999977111816,5.25600004196167,5.271999835968018,5.296000003814697,5.303999900817871,5.335999965667725,5.335999965667725,inf,4.423999786376953,4.423999786376953,5.0879998207092285,5.0879998207092285,inf,inf,inf,inf,inf,inf,2.6640000343322754,2.6640000343322754,2.671999931335449,2.671999931335449,inf,inf,inf,inf,5.383999824523926,5.383999824523926,5.343999862670898,5.616000175476074,5.624000072479248,5.239999771118164,inf,inf,3.5,3.5,3.48799991607666,3.496000051498413,6.4079999923706055,inf,inf,6.119999885559082,6.119999885559082,6.111999988555908,6.064000129699707,inf,3.5399999618530273,3.5399999618530273,3.5160000324249268,3.5160000324249268,3.5239999294281006,3.5360000133514404,3.315999984741211,3.315999984741211,3.3239998817443848,3.328000068664551,3.3320000171661377,3.328000068664551,5.984000205993652,5.935999870300293,5.935999870300293,7.855999946594238,7.855999946594238,7.815999984741211,7.815999984741211,7.840000152587891,7.6479997634887695,7.74399995803833,7.519999980926514,7.504000186920166,7.4720001220703125,7.392000198364258,inf,2.5999999046325684,2.5999999046325684,2.5480000972747803,2.5360000133514404,2.507999897003174,2.492000102996826,2.4560000896453857,2.436000108718872,2.4240000247955322,2.4079999923706055,2.380000114440918,2.368000030517578,2.3480000495910645,2.3399999141693115,2.308000087738037,inf,inf,inf,inf,inf,2.200000047683716,2.200000047683716,2.184000015258789,2.1519999504089355,2.200000047683716,2.2119998931884766,2.2320001125335693,2.24399995803833,0.13500000536441803,2.2799999713897705,2.2960000038146973,2.328000068664551,2.3359999656677246,2.359999895095825,2.371999979019165,2.4119999408721924,2.4240000247955322,2.447999954223633,2.4679999351501465,2.51200008392334,2.5239999294281006,2.555999994277954,2.5759999752044678,2.624000072479248,2.640000104904175,2.624000072479248,2.615999937057495,inf,inf,inf,inf,inf,2.619999885559082,2.619999885559082,2.611999988555908,2.611999988555908,2.6080000400543213,2.6040000915527344,2.611999988555908,2.6080000400543213,2.615999937057495,2.611999988555908,2.615999937057495,2.611999988555908,2.615999937057495,2.615999937057495,2.631999969482422,2.624000072479248,2.624000072479248,2.624000072479248,2.624000072479248,2.640000104904175,2.696000099182129,2.864000082015991,3.1559998989105225,6.679999828338623,6.679999828338623,6.688000202178955,6.688000202178955,6.688000202178955,6.6479997634887695,6.519999980926514,6.464000225067139,6.335999965667725,6.28000020980835,6.360000133514404,6.360000133514404,6.383999824523926,6.392000198364258,7.039999961853027,7.039999961853027,7.104000091552734,7.111999988555908,7.111999988555908,7.136000156402588,7.168000221252441,7.168000221252441,7.176000118255615,7.199999809265137,7.239999771118164,7.239999771118164,7.248000144958496,7.328000068664551,7.28000020980835,7.296000003814697,7.375999927520752,7.4079999923706055,7.4079999923706055,7.48799991607666,7.51200008392334,7.4079999923706055,7.4079999923706055,6.943999767303467,6.760000228881836,inf,inf,inf,inf,inf,inf,inf,inf,inf,inf,1.027999997138977,1.027999997138977,1.0360000133514404,1.0379999876022339,1.0420000553131104,1.0399999618530273,1.0420000553131104,1.0440000295639038,inf,3.4119999408721924,3.4119999408721924,3.187999963760376,3.187999963760376,3.191999912261963,3.191999912261963,3.196000099182129,4.0279998779296875,4.0279998779296875,4.584000110626221,4.584000110626221,1.1920000314712524,1.1920000314712524,1.187999963760376,1.187999963760376,1.184000015258789,1.1820000410079956,1.1779999732971191,1.1740000247955322,1.1699999570846558,1.1660000085830688,1.1660000085830688,1.1720000505447388,inf,inf,inf,inf,inf,inf,inf,inf,inf,inf,inf,inf,inf,1.4299999475479126,1.4299999475479126,1.4140000343322754,1.409999966621399,1.4140000343322754,1.4199999570846558,1.4179999828338623,1.4199999570846558,1.4259999990463257,1.434000015258789,1.434000015258789,1.434000015258789,1.4359999895095825,1.440000057220459,1.440000057220459,1.440000057220459,1.440000057220459,1.4240000247955322,1.4079999923706055,1.4019999504089355,1.4019999504089355,1.4019999504089355,1.4019999504089355,inf,inf,inf,inf,2.303999900817871,2.303999900817871,2.303999900817871,2.299999952316284,2.2960000038146973,inf,inf,inf,inf,inf,inf,inf,inf,inf,inf,inf,inf,inf,inf,inf,inf,inf,inf,inf,inf,inf,inf,inf,inf,inf,inf,3.2239999771118164,3.2239999771118164,inf,inf,inf,inf,4.383999824523926,4.383999824523926,4.328000068664551,4.296000003814697,4.296000003814697,3.563999891281128,inf,inf,inf,inf,inf,inf,inf,inf,inf,inf,inf,inf,inf,inf,inf,inf,inf,inf,inf,inf,inf,inf,inf,inf,inf,inf,inf,inf,4.840000152587891,4.840000152587891,4.808000087738037,inf,2.2160000801086426,2.2160000801086426,2.2119998931884766,2.2119998931884766,2.184000015258789,inf,3.3959999084472656,3.3959999084472656,3.3919999599456787,3.384000062942505,3.384000062942505,3.388000011444092,3.3399999141693115,3.3320000171661377,3.368000030517578,3.368000030517578,3.364000082015991,3.364000082015991,inf,inf,2.611999988555908,2.611999988555908,2.6080000400543213,2.615999937057495,3.868000030517578,3.868000030517578,inf,inf,inf,inf,inf,inf,inf,inf,inf,inf,inf,inf,inf,inf,inf,inf,inf,inf,inf,inf,inf,inf,inf,inf,inf,5.800000190734863,5.800000190734863,inf,inf,inf,inf,3.299999952316284,3.299999952316284,3.3359999656677246,inf,inf,inf,inf,inf,inf,inf,inf,5.464000225067139,5.464000225067139,6.104000091552734,6.159999847412109,6.576000213623047,6.631999969482422,inf,3.7720000743865967,3.7720000743865967,3.7679998874664307,3.7639999389648438,3.7839999198913574,5.0,5.0,3.1559998989105225,3.140000104904175,3.140000104904175,inf,1.3960000276565552,1.3960000276565552,1.3539999723434448,1.315999984741211,1.246000051498413,1.1799999475479126,1.149999976158142,1.093999981880188,1.0679999589920044,1.0180000066757202,0.9739999771118164,0.9520000219345093,0.9120000004768372,0.8920000195503235,0.8579999804496765,0.8339999914169312,0.8259999752044678,0.8240000009536743,0.8240000009536743,0.8259999752044678,0.8259999752044678,0.8259999752044678,0.828000009059906,0.828000009059906,0.8299999833106995,0.8299999833106995,0.8299999833106995,0.8320000171661377,0.8360000252723694,0.8399999737739563,0.8460000157356262,0.8479999899864197,0.8560000061988831,0.8460000157356262,inf,inf,inf,inf,inf,inf,0.8379999995231628,0.8379999995231628,0.843999981880188,0.8560000061988831,0.8600000143051147,0.8659999966621399,0.8679999709129333,0.871999979019165,0.8740000128746033,0.878000020980835,0.8820000290870667,0.8820000290870667,0.8859999775886536,0.8880000114440918,0.8939999938011169,0.8960000276565552,0.8999999761581421,0.9020000100135803,0.906000018119812,0.9100000262260437,0.9160000085830688,0.9179999828338623,0.9200000166893005,0.9259999990463257,0.9300000071525574,0.9359999895095825,0.9380000233650208,0.9440000057220459,0.9459999799728394,0.9539999961853027,0.9559999704360962,0.9639999866485596,0.9679999947547913,0.9700000286102295,0.9679999947547913,inf,inf,inf,inf,inf,inf,inf,inf,1.0679999589920044,1.0679999589920044,1.0640000104904175,1.0640000104904175,1.0460000038146973,1.0499999523162842,1.0499999523162842,1.0440000295639038,1.0379999876022339,1.0360000133514404,1.0360000133514404,1.034000039100647,
-3.1241393089294434,3.1415927410125732,0.008714509196579456,0.15000000596046448,12.0,1696619336083189545,1.0160000324249268,1.0119999647140503,1.0099999904632568,1.00600004196167,1.00600004196167,1.0019999742507935,1.0019999742507935,0.9980000257492065,0.9980000257492065,0.9940000176429749,0.9940000176429749,0.9919999837875366,0.9919999837875366,0.9900000095367432,0.9700000286102295,0.9679999947547913,0.9660000205039978,0.9639999866485596,0.9639999866485596,0.9639999866485596,0.9620000123977661,0.9639999866485596,0.9620000123977661,0.9620000123977661,0.9599999785423279,0.9599999785423279,0.9580000042915344,0.9580000042915344,0.9580000042915344,0.9580000042915344,0.9559999704360962,0.9559999704360962,0.9539999961853027,0.9559999704360962,0.9580000042915344,0.9580000042915344,0.9580000042915344,0.9599999785423279,0.9620000123977661,0.9639999866485596,0.9660000205039978,0.9620000123977661,0.9660000205039978,0.9639999866485596,0.9639999866485596,0.9639999866485596,0.9679999947547913,0.9639999866485596,0.9559999704360962,0.9940000176429749,0.9980000257492065,inf,inf,inf,inf,1.0520000457763672,1.0520000457763672,1.0679999589920044,1.0820000171661377,1.093999981880188,1.1039999723434448,1.1260000467300415,1.1380000114440918,1.1579999923706055,1.1699999570846558,1.1799999475479126,1.2039999961853027,1.215999960899353,1.24399995803833,1.25600004196167,1.284000039100647,1.2979999780654907,1.3140000104904175,1.343999981880188,1.3580000400543213,1.3940000534057617,1.4119999408721924,1.4459999799728394,1.465999960899353,1.4839999675750732,inf,inf,inf,inf,inf,inf,inf,inf,inf,inf,inf,inf,inf,inf,inf,2.2200000286102295,2.2200000286102295,2.2119998931884766,2.184000015258789,inf,3.7239999771118164,3.7239999771118164,5.056000232696533,5.056000232696533,5.039999961853027,5.02400016784668,5.015999794006348,4.9679999351501465,inf,inf,inf,inf,3.444000005722046,3.444000005722046,inf,inf,inf,inf,inf,inf,4.679999828338623,4.679999828338623,4.624000072479248,4.624000072479248,4.624000072479248,4.616000175476074,4.607999801635742,4.599999904632568,4.5920000076293945,4.5920000076293945,4.5920000076293945,4.584000110626221,4.584000110626221,4.576000213623047,4.584000110626221,4.576000213623047,4.584000110626221,4.576000213623047,4.584000110626221,3.7880001068115234,3.7880001068115234,3.7720000743865967,3.7200000286102295,3.7239999771118164,3.7039999961853027,3.7079999446868896,3.7119998931884766,3.7279999256134033,4.599999904632568,4.599999904632568,4.584000110626221,4.584000110626221,4.599999904632568,4.599999904632568,4.599999904632568,inf,4.639999866485596,4.639999866485596,4.624000072479248,4.631999969482422,4.639999866485596,4.6479997634887695,4.656000137329102,4.664000034332275,4.679999828338623,4.679999828338623,4.656000137329102,4.711999893188477,4.711999893188477,4.711999893188477,inf,4.76800012588501,4.76800012588501,4.800000190734863,4.791999816894531,4.776000022888184,inf,inf,inf,inf,inf,inf,inf,4.296000003814697,4.296000003814697,4.288000106811523,4.248000144958496,4.248000144958496,4.296000003814697,5.0320000648498535,5.0320000648498535,5.0320000648498535,5.079999923706055,5.0879998207092285,5.119999885559082,5.1519999504089355,5.176000118255615,5.199999809265137,5.248000144958496,5.28000020980835,5.28000020980835,5.311999797821045,5.28000020980835,4.375999927520752,4.375999927520752,4.960000038146973,4.960000038146973,5.039999961853027,inf,inf,inf,inf,inf,4.664000034332275,4.664000034332275,2.615999937057495,2.615999937057495,6.02400016784668,6.02400016784668,5.047999858856201,5.047999858856201,5.320000171661377,5.320000171661377,5.296000003814697,5.296000003814697,5.567999839782715,5.567999839782715,inf,inf,3.436000108718872,3.436000108718872,3.4240000247955322,3.4240000247955322,3.444000005722046,inf,inf,inf,inf,6.007999897003174,6.007999897003174,5.927999973297119,5.8480000495910645,5.800000190734863,5.800000190734863,3.4679999351501465,3.4839999675750732,3.4839999675750732,3.447999954223633,3.24399995803833,3.2320001125335693,3.2239999771118164,3.2360000610351562,3.24399995803833,3.25600004196167,3.247999906539917,5.711999893188477,5.776000022888184,5.679999828338623,7.815999984741211,7.815999984741211,7.74399995803833,7.607999801635742,7.567999839782715,7.4720001220703125,7.432000160217285,7.432000160217285,7.432000160217285,5.48799991607666,inf,2.5199999809265137,2.5199999809265137,2.51200008392334,2.51200008392334,2.4800000190734863,2.4600000381469727,2.431999921798706,2.4240000247955322,2.4000000953674316,2.384000062942505,2.359999895095825,2.3480000495910645,2.328000068664551,2.315999984741211,inf,inf,inf,inf,2.200000047683716,2.200000047683716,2.196000099182129,2.184000015258789,2.1760001182556152,2.1679999828338623,2.1559998989105225,2.1559998989105225,2.1559998989105225,2.180000066757202,2.191999912261963,0.13600000739097595,2.2320001125335693,2.259999990463257,2.2679998874664307,2.299999952316284,2.319999933242798,2.3399999141693115,2.3519999980926514,2.388000011444092,2.4079999923706055,2.4240000247955322,2.447999954223633,2.4719998836517334,2.51200008392334,2.5280001163482666,2.559999942779541,2.572000026702881,inf,inf,inf,inf,inf,2.615999937057495,2.615999937057495,2.6040000915527344,2.5999999046325684,2.5999999046325684,2.5999999046325684,2.5880000591278076,2.5880000591278076,2.5880000591278076,2.5880000591278076,2.5920000076293945,2.5920000076293945,2.5920000076293945,2.6040000915527344,2.5920000076293945,2.5959999561309814,2.5959999561309814,2.5999999046325684,2.6040000915527344,2.6040000915527344,2.6080000400543213,2.6080000400543213,2.6559998989105225,inf,inf,6.639999866485596,6.639999866485596,6.639999866485596,6.639999866485596,6.616000175476074,6.567999839782715,6.4720001220703125,6.4079999923706055,6.271999835968018,6.3520002365112305,6.368000030517578,6.368000030517578,6.368000030517578,6.3520002365112305,7.072000026702881,7.072000026702881,7.104000091552734,7.0960001945495605,7.136000156402588,7.191999912261963,7.191999912261963,7.191999912261963,7.199999809265137,7.216000080108643,7.223999977111816,7.239999771118164,7.392000198364258,7.400000095367432,7.311999797821045,7.3520002365112305,7.423999786376953,7.423999786376953,7.320000171661377,inf,inf,6.9679999351501465,6.9679999351501465,inf,inf,inf,inf,inf,inf,inf,inf,inf,inf,1.0779999494552612,1.0779999494552612,1.0800000429153442,1.0800000429153442,1.0759999752044678,1.0720000267028809,1.065999984741211,1.0640000104904175,1.062000036239624,1.062000036239624,1.059999942779541,1.059999942779541,1.062000036239624,1.0679999589920044,inf,3.2200000286102295,3.2200000286102295,3.2200000286102295,4.072000026702881,4.072000026702881,4.6479997634887695,4.6479997634887695,4.216000080108643,4.216000080108643,4.191999912261963,inf,1.2259999513626099,1.2259999513626099,1.2200000286102295,1.2100000381469727,1.2079999446868896,1.2020000219345093,1.1979999542236328,1.190000057220459,inf,inf,inf,inf,inf,inf,inf,inf,inf,inf,inf,1.5700000524520874,1.5700000524520874,1.5520000457763672,1.5099999904632568,1.4639999866485596,1.4559999704360962,1.4539999961853027,1.4500000476837158,1.4479999542236328,1.4700000286102295,1.465999960899353,1.468000054359436,1.472000002861023,1.4780000448226929,1.4800000190734863,1.4819999933242798,1.4859999418258667,1.4880000352859497,1.4900000095367432,1.4859999418258667,1.4859999418258667,1.4579999446868896,1.4539999961853027,1.4500000476837158,1.4500000476837158,1.4500000476837158,1.4500000476837158,inf,inf,2.3440001010894775,2.3440001010894775,2.3399999141693115,2.3399999141693115,2.3399999141693115,4.576000213623047,4.567999839782715,4.559999942779541,4.544000148773193,4.5279998779296875,inf,4.504000186920166,4.504000186920166,4.495999813079834,4.480000019073486,4.4720001220703125,4.4720001220703125,4.464000225067139,4.464000225067139,4.447999954223633,4.440000057220459,4.440000057220459,4.440000057220459,4.440000057220459,3.4159998893737793,3.4159998893737793,inf,3.880000114440918,3.880000114440918,inf,inf,inf,inf,inf,inf,inf,inf,4.360000133514404,4.360000133514404,4.335999965667725,4.296000003814697,4.28000020980835,inf,inf,inf,inf,inf,inf,inf,inf,inf,inf,inf,inf,inf,inf,inf,inf,inf,inf,inf,inf,inf,inf,inf,inf,inf,inf,inf,4.6479997634887695,4.6479997634887695,4.624000072479248,4.624000072479248,inf,inf,2.2639999389648438,2.2639999389648438,2.252000093460083,inf,inf,inf,inf,inf,3.444000005722046,3.444000005722046,3.4079999923706055,3.4079999923706055,3.436000108718872,3.436000108718872,3.436000108718872,3.436000108718872,3.436000108718872,3.436000108718872,2.680000066757202,2.680000066757202,2.671999931335449,3.940000057220459,3.9200000762939453,3.9200000762939453,inf,inf,inf,inf,inf,inf,inf,inf,inf,inf,inf,inf,inf,inf,inf,inf,inf,inf,inf,inf,inf,inf,inf,inf,inf,inf,inf,inf,inf,4.71999979019165,4.71999979019165,3.3519999980926514,3.3519999980926514,4.335999965667725,4.335999965667725,inf,inf,inf,inf,inf,inf,inf,6.199999809265137,6.199999809265137,6.28000020980835,6.696000099182129,6.74399995803833,6.688000202178955,3.828000068664551,3.819999933242798,3.819999933242798,3.828000068664551,3.8399999141693115,3.48799991607666,3.48799991607666,3.4760000705718994,3.4760000705718994,inf,inf,inf,1.2380000352859497,1.2380000352859497,1.1619999408721924,1.128000020980835,1.065999984741211,1.0379999876022339,0.9819999933242798,0.9559999704360962,0.9100000262260437,0.8759999871253967,0.8679999709129333,0.8659999966621399,0.8659999966621399,0.8659999966621399,0.8659999966621399,0.8679999709129333,0.8679999709129333,0.8679999709129333,0.8700000047683716,0.8700000047683716,0.8700000047683716,0.871999979019165,0.871999979019165,0.871999979019165,0.8740000128746033,0.8740000128746033,0.8759999871253967,0.8759999871253967,0.8799999952316284,0.8840000033378601,0.8899999856948853,0.8939999938011169,0.9039999842643738,0.8939999938011169,inf,inf,inf,inf,inf,inf,0.8840000033378601,0.8840000033378601,0.8880000114440918,0.8999999761581421,0.9039999842643738,0.9120000004768372,0.9139999747276306,0.9179999828338623,0.9200000166893005,0.9240000247955322,0.9259999990463257,0.9300000071525574,0.9319999814033508,0.9359999895095825,0.9399999976158142,0.9419999718666077,0.9459999799728394,0.949999988079071,0.9559999704360962,0.9580000042915344,0.9620000123977661,0.9660000205039978,0.972000002861023,0.9739999771118164,0.9800000190734863,0.984000027179718,0.9860000014305115,0.9919999837875366,0.9959999918937683,1.003999948501587,1.0080000162124634,1.0140000581741333,1.0160000324249268,1.0199999809265137,1.0180000066757202,inf,inf,inf,inf,inf,inf,inf,inf,1.0540000200271606,1.0540000200271606,1.0479999780654907,1.0479999780654907,1.0420000553131104,1.034000039100647,1.031999945640564,1.027999997138977,1.0240000486373901,1.0199999809265137,1.0199999809265137,1.0160000324249268,
-3.1241393089294434,3.1415927410125732,0.008714509196579456,0.15000000596046448,12.0,1696619336218391973,0.9959999918937683,0.9959999918937683,0.9940000176429749,0.9919999837875366,0.9860000014305115,0.9860000014305115,0.984000027179718,0.9819999933242798,0.9800000190734863,0.9779999852180481,0.9760000109672546,0.9739999771118164,0.9700000286102295,0.972000002861023,0.9539999961853027,0.9539999961853027,0.9520000219345093,0.949999988079071,0.9480000138282776,0.9480000138282776,0.9459999799728394,0.9459999799728394,0.9440000057220459,0.9419999718666077,0.9399999976158142,0.9399999976158142,0.9419999718666077,0.9419999718666077,0.9419999718666077,0.9419999718666077,0.9419999718666077,0.9440000057220459,0.9459999799728394,0.9480000138282776,0.9459999799728394,0.9459999799728394,0.9459999799728394,0.9440000057220459,0.9419999718666077,0.9459999799728394,0.9440000057220459,0.9300000071525574,0.9639999866485596,0.9599999785423279,0.9620000123977661,0.9760000109672546,0.984000027179718,0.9900000095367432,1.0080000162124634,1.0199999809265137,inf,inf,inf,inf,inf,1.0859999656677246,1.0859999656677246,1.1019999980926514,1.1180000305175781,1.1440000534057617,1.1540000438690186,1.1619999408721924,1.184000015258789,1.1959999799728394,1.218000054359436,0.13500000536441803,0.13300000131130219,0.13300000131130219,0.13199999928474426,1.309999942779541,1.3240000009536743,1.3519999980926514,1.3680000305175781,1.399999976158142,1.4160000085830688,1.4520000219345093,1.8339999914169312,1.8339999914169312,1.8320000171661377,1.8279999494552612,1.7999999523162842,inf,inf,inf,inf,inf,inf,inf,inf,inf,inf,inf,inf,inf,2.1519999504089355,2.1519999504089355,inf,inf,inf,3.696000099182129,3.696000099182129,4.783999919891357,4.783999919891357,4.776000022888184,4.776000022888184,4.751999855041504,4.74399995803833,inf,inf,inf,inf,3.3919999599456787,3.3919999599456787,3.388000011444092,3.388000011444092,3.3959999084472656,3.4000000953674316,inf,inf,inf,4.584000110626221,4.584000110626221,4.567999839782715,4.567999839782715,4.552000045776367,4.552000045776367,4.544000148773193,4.535999774932861,4.5279998779296875,4.5279998779296875,4.51200008392334,4.51200008392334,4.504000186920166,4.504000186920166,4.504000186920166,4.48799991607666,4.519999980926514,4.535999774932861,3.7279999256134033,3.7279999256134033,3.7239999771118164,3.680000066757202,3.6760001182556152,3.635999917984009,3.619999885559082,3.628000020980835,3.696000099182129,3.7279999256134033,4.504000186920166,4.51200008392334,4.519999980926514,4.48799991607666,4.5279998779296875,4.5279998779296875,4.5279998779296875,inf,4.559999942779541,4.559999942779541,4.559999942779541,4.576000213623047,4.576000213623047,4.5920000076293945,4.599999904632568,4.607999801635742,4.607999801635742,4.607999801635742,4.616000175476074,4.656000137329102,4.639999866485596,4.639999866485596,4.671999931335449,4.671999931335449,4.679999828338623,4.679999828338623,4.696000099182129,4.711999893188477,inf,inf,inf,inf,inf,inf,4.271999835968018,4.271999835968018,4.23199987411499,4.23199987411499,4.191999912261963,4.144000053405762,4.199999809265137,4.960000038146973,4.960000038146973,4.992000102996826,5.0,5.015999794006348,5.0320000648498535,5.056000232696533,5.064000129699707,5.111999988555908,5.127999782562256,5.176000118255615,5.191999912261963,5.239999771118164,5.248000144958496,4.97599983215332,4.97599983215332,4.311999797821045,4.311999797821045,4.952000141143799,4.952000141143799,inf,inf,inf,inf,4.584000110626221,4.584000110626221,inf,2.5439999103546143,2.5439999103546143,inf,5.888000011444092,5.888000011444092,inf,inf,5.23199987411499,5.23199987411499,5.208000183105469,5.48799991607666,5.504000186920166,inf,inf,inf,3.4119999408721924,3.4119999408721924,3.371999979019165,3.364000082015991,6.263999938964844,6.263999938964844,inf,inf,inf,inf,inf,inf,inf,inf,3.3959999084472656,3.3959999084472656,3.4040000438690186,3.4040000438690186,3.187999963760376,3.184000015258789,3.180000066757202,3.184000015258789,3.187999963760376,3.184000015258789,3.1760001182556152,inf,inf,7.679999828338623,7.679999828338623,7.5920000076293945,7.5920000076293945,7.607999801635742,7.544000148773193,7.360000133514404,7.360000133514404,7.368000030517578,7.368000030517578,7.335999965667725,7.335999965667725,5.415999889373779,2.492000102996826,2.492000102996826,2.4719998836517334,2.4719998836517334,2.447999954223633,2.427999973297119,2.4119999408721924,2.388000011444092,2.384000062942505,2.3519999980926514,2.3399999141693115,2.3399999141693115,inf,inf,inf,inf,2.2039999961853027,2.2039999961853027,2.196000099182129,2.196000099182129,2.180000066757202,2.1679999828338623,2.1600000858306885,2.1519999504089355,2.140000104904175,2.131999969482422,0.13500000536441803,0.13500000536441803,0.1340000033378601,0.13199999928474426,2.180000066757202,2.191999912261963,2.2239999771118164,2.240000009536743,2.252000093460083,2.2760000228881836,2.2960000038146973,2.328000068664551,2.3440001010894775,2.371999979019165,2.3959999084472656,2.427999973297119,2.444000005722046,inf,inf,inf,inf,inf,inf,2.572000026702881,2.572000026702881,2.568000078201294,2.568000078201294,2.5759999752044678,2.5799999237060547,2.5840001106262207,2.5799999237060547,2.5759999752044678,2.572000026702881,2.572000026702881,2.5840001106262207,2.5880000591278076,2.5759999752044678,2.5759999752044678,2.5840001106262207,2.5920000076293945,2.5959999561309814,2.5880000591278076,2.5840001106262207,2.5840001106262207,2.5880000591278076,2.5880000591278076,2.5920000076293945,2.5959999561309814,2.5999999046325684,inf,inf,inf,6.6479997634887695,6.6479997634887695,6.631999969482422,6.495999813079834,6.455999851226807,6.311999797821045,6.271999835968018,6.3520002365112305,6.360000133514404,6.3520002365112305,6.360000133514404,7.064000129699707,7.072000026702881,7.072000026702881,7.104000091552734,7.127999782562256,7.079999923706055,7.159999847412109,7.176000118255615,7.176000118255615,7.223999977111816,7.23199987411499,7.216000080108643,7.223999977111816,7.320000171661377,7.320000171661377,7.3520002365112305,inf,inf,inf,inf,inf,inf,inf,inf,inf,inf,inf,inf,inf,inf,inf,2.7920000553131104,2.7920000553131104,2.7960000038146973,6.440000057220459,6.440000057220459,inf,inf,1.1139999628067017,1.1139999628067017,1.1059999465942383,1.1019999980926514,1.0959999561309814,1.0920000076293945,1.0880000591278076,1.0859999656677246,1.0839999914169312,1.0839999914169312,1.0839999914169312,1.0839999914169312,1.0920000076293945,inf,inf,inf,inf,inf,4.288000106811523,4.288000106811523,4.263999938964844,4.296000003814697,5.888000011444092,5.872000217437744,5.8480000495910645,1.2519999742507935,1.2380000352859497,1.2380000352859497,inf,inf,inf,inf,inf,inf,inf,inf,inf,inf,inf,inf,inf,1.7979999780654907,1.7979999780654907,1.6080000400543213,1.5880000591278076,1.5740000009536743,1.5479999780654907,1.5140000581741333,1.496000051498413,1.4919999837875366,1.4880000352859497,1.4839999675750732,1.5019999742507935,1.503999948501587,1.5080000162124634,1.5180000066757202,1.5199999809265137,1.5199999809265137,1.5260000228881836,1.5299999713897705,1.531999945640564,1.534000039100647,1.531999945640564,1.5219999551773071,1.50600004196167,1.4980000257492065,1.4980000257492065,1.4980000257492065,1.5,inf,2.4079999923706055,2.4079999923706055,2.4040000438690186,2.4040000438690186,2.3919999599456787,inf,inf,inf,inf,inf,inf,inf,inf,inf,inf,inf,inf,inf,inf,inf,inf,inf,inf,inf,inf,inf,inf,inf,inf,inf,inf,inf,inf,inf,inf,4.4079999923706055,4.4079999923706055,4.392000198364258,4.360000133514404,4.343999862670898,inf,inf,inf,inf,inf,inf,inf,inf,inf,inf,inf,inf,inf,inf,inf,inf,inf,inf,inf,inf,inf,inf,inf,inf,inf,inf,inf,inf,4.728000164031982,4.728000164031982,4.688000202178955,4.656000137329102,inf,2.3399999141693115,2.3399999141693115,2.3359999656677246,inf,inf,inf,inf,inf,inf,inf,inf,inf,inf,3.5,3.5,3.503999948501587,3.503999948501587,3.48799991607666,3.4760000705718994,2.75600004196167,2.740000009536743,2.747999906539917,3.992000102996826,4.0,inf,inf,inf,inf,inf,inf,inf,inf,inf,inf,inf,inf,inf,inf,inf,inf,inf,inf,inf,inf,inf,inf,inf,inf,inf,inf,inf,4.791999816894531,4.791999816894531,3.4519999027252197,3.4519999027252197,inf,4.343999862670898,4.343999862670898,4.368000030517578,4.368000030517578,inf,inf,inf,inf,inf,inf,6.271999835968018,6.271999835968018,6.328000068664551,6.791999816894531,6.736000061035156,inf,3.871999979019165,3.871999979019165,3.864000082015991,3.8919999599456787,3.8239998817443848,3.7920000553131104,inf,inf,inf,inf,inf,inf,0.972000002861023,0.972000002861023,0.9459999799728394,0.9459999799728394,0.9139999747276306,0.9100000262260437,0.9100000262260437,0.9079999923706055,0.9100000262260437,0.9100000262260437,0.9100000262260437,0.9100000262260437,0.9100000262260437,0.9100000262260437,0.9100000262260437,0.9100000262260437,0.9120000004768372,0.9100000262260437,0.9120000004768372,0.9139999747276306,0.9139999747276306,0.9160000085830688,0.9160000085830688,0.9179999828338623,0.9179999828338623,0.9200000166893005,0.9200000166893005,0.921999990940094,0.9240000247955322,0.9319999814033508,0.9359999895095825,0.9399999976158142,0.9480000138282776,0.9380000233650208,inf,inf,inf,inf,0.9300000071525574,0.9300000071525574,0.9340000152587891,0.9340000152587891,0.9399999976158142,0.9459999799728394,0.949999988079071,0.9559999704360962,0.9599999785423279,0.9620000123977661,0.9660000205039978,0.9700000286102295,0.972000002861023,0.9760000109672546,0.9779999852180481,0.984000027179718,0.9860000014305115,0.9919999837875366,0.9940000176429749,1.0,1.0019999742507935,1.00600004196167,1.0099999904632568,1.0119999647140503,1.0180000066757202,1.0219999551773071,1.0260000228881836,1.0299999713897705,1.0379999876022339,1.0420000553131104,1.0479999780654907,1.0520000457763672,1.059999942779541,1.062000036239624,1.0679999589920044,1.0800000429153442,1.0520000457763672,1.0520000457763672,inf,inf,inf,inf,inf,inf,inf,1.0440000295639038,1.0440000295639038,1.0360000133514404,1.0360000133514404,1.0219999551773071,1.0180000066757202,1.0140000581741333,1.0119999647140503,1.0080000162124634,1.0080000162124634,1.003999948501587,1.0019999742507935,
-3.1241393089294434,3.1415927410125732,0.008714509196579456,0.15000000596046448,12.0,1696619336353377883,0.9800000190734863,0.9779999852180481,0.9739999771118164,0.972000002861023,0.9700000286102295,0.9679999947547913,0.9679999947547913,0.9660000205039978,0.9620000123977661,0.9599999785423279,0.9599999785423279,0.9580000042915344,0.9559999704360962,0.9539999961853027,0.9359999895095825,0.9359999895095825,0.9300000071525574,0.9300000071525574,0.9279999732971191,0.9300000071525574,0.9279999732971191,0.9279999732971191,0.9279999732971191,0.9300000071525574,0.9300000071525574,0.9300000071525574,0.9300000071525574,0.9279999732971191,0.9279999732971191,0.9279999732971191,0.9259999990463257,0.9259999990463257,0.9240000247955322,0.9259999990463257,0.9200000166893005,0.9399999976158142,0.9399999976158142,0.9399999976158142,0.9459999799728394,0.9599999785423279,0.9660000205039978,0.9700000286102295,0.9819999933242798,0.9900000095367432,1.0019999742507935,1.0099999904632568,1.0219999551773071,1.031999945640564,1.0399999618530273,1.062000036239624,1.0759999752044678,inf,inf,inf,inf,1.1319999694824219,1.1319999694824219,1.1480000019073486,1.1619999408721924,1.1759999990463257,1.1979999542236328,1.2079999446868896,1.2319999933242798,1.2419999837875366,1.253999948501587,0.13500000536441803,1.2920000553131104,1.315999984741211,1.3300000429153442,1.3580000400543213,1.371999979019165,1.3880000114440918,1.4199999570846558,inf,1.7879999876022339,1.7879999876022339,1.7619999647140503,1.746000051498413,inf,inf,inf,inf,inf,inf,inf,inf,inf,inf,2.1040000915527344,2.1040000915527344,inf,2.128000020980835,2.128000020980835,2.119999885559082,2.0999999046325684,inf,inf,3.5920000076293945,3.5920000076293945,3.6080000400543213,3.6080000400543213,3.7079999446868896,4.952000141143799,4.935999870300293,4.9120001792907715,4.880000114440918,inf,inf,inf,inf,inf,3.328000068664551,3.328000068664551,inf,inf,inf,inf,inf,inf,inf,4.519999980926514,4.519999980926514,4.504000186920166,4.504000186920166,4.48799991607666,4.48799991607666,4.4720001220703125,4.480000019073486,4.464000225067139,4.455999851226807,4.455999851226807,4.455999851226807,4.455999851226807,4.455999851226807,4.440000057220459,4.432000160217285,4.447999954223633,4.455999851226807,3.687999963760376,3.687999963760376,3.6440000534057617,3.572000026702881,3.5920000076293945,3.563999891281128,3.5439999103546143,3.555999994277954,3.5999999046325684,4.440000057220459,4.447999954223633,4.447999954223633,4.455999851226807,4.455999851226807,4.464000225067139,4.464000225067139,4.464000225067139,inf,4.495999813079834,4.495999813079834,4.495999813079834,4.495999813079834,4.495999813079834,4.51200008392334,4.519999980926514,4.5279998779296875,4.535999774932861,4.552000045776367,4.552000045776367,4.584000110626221,4.607999801635742,4.607999801635742,4.607999801635742,4.607999801635742,4.599999904632568,4.599999904632568,4.631999969482422,4.631999969482422,inf,inf,inf,inf,inf,inf,4.248000144958496,4.248000144958496,4.176000118255615,4.176000118255615,4.136000156402588,4.0879998207092285,4.104000091552734,4.159999847412109,inf,4.920000076293945,4.920000076293945,4.943999767303467,4.960000038146973,4.992000102996826,4.992000102996826,5.015999794006348,5.0320000648498535,5.056000232696533,5.079999923706055,5.136000156402588,5.1519999504089355,5.144000053405762,5.136000156402588,4.239999771118164,4.239999771118164,4.840000152587891,4.840000152587891,4.927999973297119,inf,inf,inf,inf,inf,inf,2.503999948501587,2.503999948501587,2.492000102996826,2.492000102996826,inf,inf,inf,5.127999782562256,5.127999782562256,5.176000118255615,5.216000080108643,5.3520002365112305,5.415999889373779,5.0879998207092285,inf,inf,inf,3.308000087738037,3.308000087738037,3.312000036239624,3.3320000171661377,6.127999782562256,6.0879998207092285,6.0320000648498535,5.9679999351501465,5.97599983215332,5.855999946594238,5.815999984741211,inf,inf,inf,inf,inf,3.180000066757202,3.180000066757202,3.1760001182556152,3.1679999828338623,3.1600000858306885,3.1559998989105225,3.1519999504089355,5.624000072479248,5.664000034332275,5.664000034332275,5.728000164031982,5.776000022888184,7.6479997634887695,7.576000213623047,7.576000213623047,7.4720001220703125,7.447999954223633,7.360000133514404,7.360000133514404,7.3520002365112305,7.303999900817871,5.415999889373779,5.415999889373779,5.400000095367432,2.4719998836517334,2.4719998836517334,2.436000108718872,2.436000108718872,2.431999921798706,2.4040000438690186,2.3919999599456787,2.3559999465942383,2.3440001010894775,inf,inf,inf,inf,inf,2.2039999961853027,2.2039999961853027,2.200000047683716,2.187999963760376,2.187999963760376,2.187999963760376,2.1600000858306885,2.1519999504089355,2.140000104904175,2.135999917984009,2.119999885559082,2.111999988555908,0.13199999928474426,2.1080000400543213,2.111999988555908,2.111999988555908,2.124000072479248,2.135999917984009,2.1679999828338623,2.1760001182556152,2.2039999961853027,2.2279999256134033,2.25600004196167,2.2679998874664307,2.2799999713897705,2.3239998817443848,2.3359999656677246,inf,inf,inf,inf,inf,inf,2.568000078201294,2.568000078201294,2.555999994277954,2.555999994277954,2.555999994277954,2.555999994277954,2.555999994277954,2.563999891281128,2.572000026702881,2.563999891281128,2.555999994277954,2.559999942779541,2.555999994277954,2.572000026702881,2.572000026702881,2.563999891281128,2.568000078201294,2.563999891281128,2.572000026702881,2.5799999237060547,2.5799999237060547,2.5759999752044678,2.5759999752044678,2.5840001106262207,2.5880000591278076,2.5840001106262207,2.5880000591278076,2.5959999561309814,2.5920000076293945,inf,inf,6.576000213623047,6.576000213623047,6.51200008392334,6.423999786376953,6.328000068664551,6.288000106811523,6.288000106811523,6.343999862670898,6.360000133514404,6.343999862670898,6.3520002365112305,7.015999794006348,7.056000232696533,7.0960001945495605,7.127999782562256,7.119999885559082,7.199999809265137,7.199999809265137,7.168000221252441,7.199999809265137,7.208000183105469,7.223999977111816,7.248000144958496,7.320000171661377,7.296000003814697,7.311999797821045,7.328000068664551,inf,inf,inf,inf,inf,inf,inf,inf,inf,inf,inf,inf,inf,7.039999961853027,7.039999961853027,2.808000087738037,2.808000087738037,2.803999900817871,2.812000036239624,6.368000030517578,6.368000030517578,inf,inf,inf,inf,1.1339999437332153,1.1339999437332153,1.1299999952316284,1.1260000467300415,1.1239999532699585,1.1180000305175781,1.1119999885559082,1.1119999885559082,1.1100000143051147,1.1119999885559082,1.1119999885559082,1.1139999628067017,1.1139999628067017,inf,4.360000133514404,4.360000133514404,4.311999797821045,4.288000106811523,5.9039998054504395,5.9039998054504395,5.880000114440918,5.855999946594238,5.831999778747559,5.808000087738037,5.711999893188477,inf,inf,inf,inf,inf,inf,inf,inf,inf,inf,inf,1.8339999914169312,1.8339999914169312,1.8320000171661377,1.8320000171661377,1.8339999914169312,1.8380000591278076,1.6480000019073486,1.6319999694824219,1.6160000562667847,1.555999994277954,1.5479999780654907,1.5460000038146973,1.5379999876022339,1.534000039100647,1.5399999618530273,1.5499999523162842,1.5520000457763672,1.559999942779541,1.565999984741211,1.565999984741211,1.565999984741211,1.5820000171661377,1.5859999656677246,1.5859999656677246,1.5859999656677246,1.5779999494552612,1.5640000104904175,1.5499999523162842,1.5499999523162842,1.5520000457763672,1.5540000200271606,2.4639999866485596,2.4639999866485596,2.4560000896453857,2.4560000896453857,4.703999996185303,4.703999996185303,4.711999893188477,4.736000061035156,inf,inf,inf,inf,inf,inf,inf,inf,inf,inf,inf,inf,inf,inf,inf,inf,inf,inf,inf,inf,inf,inf,inf,inf,inf,inf,inf,4.447999954223633,4.447999954223633,4.440000057220459,inf,inf,inf,inf,inf,inf,inf,inf,inf,inf,inf,inf,inf,inf,inf,inf,inf,inf,inf,inf,inf,inf,inf,inf,inf,inf,inf,4.808000087738037,4.808000087738037,4.791999816894531,4.760000228881836,4.76800012588501,inf,2.3919999599456787,2.3919999599456787,2.4000000953674316,2.384000062942505,3.611999988555908,inf,inf,inf,3.552000045776367,3.552000045776367,3.559999942779541,inf,3.5759999752044678,3.5759999752044678,3.563999891281128,3.563999891281128,3.563999891281128,3.552000045776367,2.808000087738037,2.808000087738037,2.799999952316284,4.052000045776367,4.0279998779296875,4.0279998779296875,inf,inf,inf,inf,inf,inf,inf,inf,inf,inf,inf,inf,inf,inf,inf,inf,inf,inf,inf,inf,inf,inf,inf,inf,inf,inf,inf,inf,inf,3.5239999294281006,3.5239999294281006,inf,inf,4.440000057220459,4.440000057220459,4.440000057220459,inf,inf,inf,inf,inf,6.343999862670898,6.343999862670898,6.480000019073486,6.480000019073486,6.776000022888184,6.776000022888184,3.927999973297119,3.927999973297119,3.9200000762939453,3.996000051498413,inf,inf,inf,inf,inf,inf,0.984000027179718,0.984000027179718,0.9639999866485596,0.9559999704360962,0.9539999961853027,0.9539999961853027,0.9520000219345093,0.9520000219345093,0.9539999961853027,0.9539999961853027,0.9520000219345093,0.9520000219345093,0.9520000219345093,0.9520000219345093,0.9539999961853027,0.9539999961853027,0.9520000219345093,0.9539999961853027,0.9539999961853027,0.9539999961853027,0.9559999704360962,0.9559999704360962,0.9580000042915344,0.9580000042915344,0.9580000042915344,0.9580000042915344,0.9599999785423279,0.9620000123977661,0.9620000123977661,0.9639999866485596,0.9660000205039978,0.9700000286102295,0.9739999771118164,0.9800000190734863,0.984000027179718,0.9919999837875366,inf,inf,inf,inf,inf,0.9779999852180481,0.9779999852180481,0.972000002861023,0.972000002861023,0.9860000014305115,0.9919999837875366,0.9959999918937683,1.0019999742507935,1.003999948501587,1.0099999904632568,1.0119999647140503,1.0160000324249268,1.0180000066757202,1.0219999551773071,1.0240000486373901,1.0260000228881836,1.031999945640564,1.034000039100647,1.0399999618530273,1.0420000553131104,1.0479999780654907,1.0499999523162842,1.055999994277954,1.059999942779541,1.065999984741211,1.0700000524520874,1.0759999752044678,1.0779999494552612,1.0839999914169312,1.1019999980926514,1.0779999494552612,1.0779999494552612,1.0779999494552612,1.065999984741211,1.0579999685287476,1.055999994277954,1.0399999618530273,1.0379999876022339,inf,inf,inf,inf,inf,inf,inf,1.0299999713897705,1.0299999713897705,1.0199999809265137,1.0199999809265137,1.00600004196167,1.0019999742507935,0.9980000257492065,0.9959999918937683,0.9919999837875366,0.9900000095367432,0.9860000014305115,0.984000027179718,
-3.1241393089294434,3.1415927410125732,0.008714509196579456,0.15000000596046448,12.0,1696619336488607106,0.9620000123977661,0.9599999785423279,0.9559999704360962,0.9539999961853027,0.9520000219345093,0.949999988079071,0.9480000138282776,0.9480000138282776,0.9459999799728394,0.9459999799728394,0.9419999718666077,0.9419999718666077,0.9380000233650208,0.9380000233650208,0.9200000166893005,0.9200000166893005,0.9200000166893005,0.9179999828338623,0.921999990940094,0.9160000085830688,0.9160000085830688,0.9160000085830688,0.9139999747276306,0.9100000262260437,0.9100000262260437,0.9100000262260437,0.9100000262260437,0.8920000195503235,0.9240000247955322,0.921999990940094,0.9240000247955322,0.9340000152587891,0.9399999976158142,0.9480000138282776,0.9520000219345093,0.9580000042915344,0.9700000286102295,0.9739999771118164,0.9860000014305115,0.9919999837875366,1.003999948501587,1.0099999904632568,1.0240000486373901,1.0299999713897705,1.0360000133514404,1.0520000457763672,1.059999942779541,1.0759999752044678,1.0859999656677246,1.1119999885559082,inf,inf,inf,inf,inf,inf,1.1820000410079956,1.1820000410079956,1.2120000123977661,1.222000002861023,1.2339999675750732,1.25600004196167,1.2660000324249268,1.2920000553131104,1.3040000200271606,0.13500000536441803,1.343999981880188,0.13199999928474426,0.13199999928474426,inf,inf,1.753999948501587,1.753999948501587,1.7419999837875366,1.7200000286102295,inf,inf,inf,inf,inf,inf,inf,inf,inf,inf,inf,inf,2.0999999046325684,2.0999999046325684,2.0759999752044678,2.0759999752044678,2.0759999752044678,2.059999942779541,inf,inf,inf,3.552000045776367,3.552000045776367,3.552000045776367,3.559999942779541,3.5920000076293945,4.888000011444092,4.880000114440918,4.855999946594238,4.840000152587891,inf,inf,inf,3.319999933242798,3.319999933242798,inf,inf,inf,inf,inf,inf,inf,inf,4.480000019073486,4.480000019073486,4.440000057220459,4.440000057220459,4.440000057220459,4.440000057220459,4.432000160217285,4.432000160217285,4.423999786376953,4.423999786376953,4.432000160217285,4.4079999923706055,4.415999889373779,4.4079999923706055,4.4079999923706055,4.400000095367432,4.415999889373779,4.415999889373779,4.392000198364258,4.395999908447266,3.5959999561309814,3.5959999561309814,3.555999994277954,3.5280001163482666,3.5239999294281006,3.503999948501587,3.51200008392334,3.5320000648498535,3.568000078201294,4.400000095367432,4.400000095367432,4.4079999923706055,inf,4.392000198364258,4.392000198364258,4.4079999923706055,4.415999889373779,2.98799991607666,4.440000057220459,4.440000057220459,4.440000057220459,4.440000057220459,4.440000057220459,4.447999954223633,4.464000225067139,4.464000225067139,4.464000225067139,4.480000019073486,4.480000019073486,4.519999980926514,4.519999980926514,4.519999980926514,inf,4.559999942779541,4.559999942779541,4.552000045776367,4.576000213623047,4.576000213623047,4.5920000076293945,inf,inf,inf,inf,inf,inf,4.176000118255615,4.176000118255615,4.0920000076293945,4.0920000076293945,4.044000148773193,4.01200008392334,4.059999942779541,4.855999946594238,4.872000217437744,4.872000217437744,4.880000114440918,4.895999908447266,4.920000076293945,4.935999870300293,4.960000038146973,4.97599983215332,5.02400016784668,5.039999961853027,5.0320000648498535,5.056000232696533,5.072000026702881,5.064000129699707,4.191999912261963,4.191999912261963,4.888000011444092,4.888000011444092,inf,inf,inf,inf,inf,inf,inf,inf,2.4240000247955322,2.4240000247955322,2.427999973297119,2.427999973297119,inf,4.920000076293945,4.920000076293945,inf,inf,5.0960001945495605,5.0960001945495605,5.368000030517578,5.4079999923706055,4.992000102996826,inf,6.4079999923706055,6.4079999923706055,3.259999990463257,3.259999990463257,3.259999990463257,3.2679998874664307,inf,inf,inf,inf,inf,inf,inf,inf,inf,inf,5.552000045776367,5.552000045776367,3.171999931335449,3.171999931335449,3.1559998989105225,3.1440000534057617,3.115999937057495,3.119999885559082,5.216000080108643,5.216000080108643,5.184000015258789,5.48799991607666,5.5920000076293945,7.544000148773193,7.51200008392334,7.51200008392334,7.4720001220703125,7.415999889373779,7.360000133514404,7.392000198364258,7.335999965667725,7.335999965667725,7.248000144958496,7.223999977111816,5.375999927520752,5.375999927520752,inf,inf,2.436000108718872,2.436000108718872,2.4079999923706055,2.4079999923706055,2.384000062942505,2.368000030517578,inf,inf,inf,inf,inf,inf,2.2160000801086426,2.2160000801086426,2.191999912261963,2.191999912261963,2.180000066757202,2.1640000343322754,2.1559998989105225,2.140000104904175,2.135999917984009,2.124000072479248,2.111999988555908,0.1340000033378601,2.0840001106262207,2.0799999237060547,2.0759999752044678,2.063999891281128,2.068000078201294,2.068000078201294,2.0799999237060547,2.1040000915527344,2.115999937057495,2.1519999504089355,2.1679999828338623,2.191999912261963,2.2079999446868896,2.2320001125335693,inf,inf,inf,inf,inf,inf,2.507999897003174,2.507999897003174,2.5759999752044678,2.5759999752044678,2.5399999618530273,2.5360000133514404,2.5439999103546143,2.5439999103546143,2.5360000133514404,2.5360000133514404,2.5360000133514404,2.5399999618530273,2.5439999103546143,2.5399999618530273,2.5399999618530273,2.5439999103546143,2.5439999103546143,2.555999994277954,2.5480000972747803,2.552000045776367,2.552000045776367,2.552000045776367,2.552000045776367,2.568000078201294,2.572000026702881,2.5759999752044678,2.572000026702881,2.5920000076293945,2.5880000591278076,2.5840001106262207,2.5880000591278076,2.5920000076293945,inf,inf,6.440000057220459,6.440000057220459,6.4079999923706055,6.383999824523926,6.28000020980835,6.343999862670898,6.3520002365112305,6.3520002365112305,6.360000133514404,7.104000091552734,7.111999988555908,7.111999988555908,7.119999885559082,7.127999782562256,7.199999809265137,7.199999809265137,7.191999912261963,7.208000183105469,7.216000080108643,7.239999771118164,7.239999771118164,7.311999797821045,7.400000095367432,7.320000171661377,7.320000171661377,inf,6.935999870300293,6.935999870300293,inf,inf,inf,inf,inf,inf,inf,inf,7.23199987411499,7.23199987411499,7.007999897003174,7.007999897003174,6.855999946594238,6.74399995803833,2.8320000171661377,2.8320000171661377,2.819999933242798,2.8239998817443848,inf,inf,5.9120001792907715,5.9120001792907715,5.840000152587891,5.840000152587891,5.840000152587891,5.831999778747559,1.1579999923706055,1.1579999923706055,1.156000018119812,1.156000018119812,1.1519999504089355,1.149999976158142,1.1440000534057617,1.1399999856948853,1.1399999856948853,1.1399999856948853,1.1399999856948853,1.1419999599456787,1.1419999599456787,inf,5.9039998054504395,5.9039998054504395,5.888000011444092,5.888000011444092,5.872000217437744,5.895999908447266,5.935999870300293,inf,inf,inf,inf,inf,inf,inf,inf,1.284000039100647,1.284000039100647,1.281999945640564,1.281999945640564,1.284000039100647,1.284000039100647,inf,1.8860000371932983,1.8860000371932983,1.8860000371932983,1.8860000371932983,1.6979999542236328,1.6979999542236328,1.6699999570846558,1.6619999408721924,1.621999979019165,1.5959999561309814,1.593999981880188,1.590000033378601,1.5820000171661377,1.593999981880188,1.6019999980926514,1.6019999980926514,1.6160000562667847,1.6180000305175781,1.621999979019165,1.6260000467300415,1.6360000371932983,1.6360000371932983,1.6360000371932983,1.6360000371932983,1.6080000400543213,1.6019999980926514,1.600000023841858,1.6019999980926514,1.6039999723434448,2.5160000324249268,2.507999897003174,2.507999897003174,2.507999897003174,4.71999979019165,4.696000099182129,4.679999828338623,inf,4.656000137329102,4.656000137329102,4.656000137329102,4.631999969482422,4.616000175476074,4.616000175476074,4.5920000076293945,4.584000110626221,4.5920000076293945,4.584000110626221,4.584000110626221,4.5920000076293945,4.607999801635742,3.5880000591278076,3.568000078201294,3.5439999103546143,inf,inf,inf,inf,inf,inf,inf,inf,4.464000225067139,4.464000225067139,inf,inf,inf,inf,inf,inf,inf,inf,inf,inf,inf,inf,inf,inf,inf,inf,inf,inf,inf,inf,inf,inf,inf,inf,inf,inf,inf,inf,inf,4.872000217437744,4.872000217437744,4.8480000495910645,4.840000152587891,inf,2.4679999351501465,2.4679999351501465,2.4600000381469727,2.4600000381469727,inf,inf,inf,inf,inf,3.624000072479248,3.624000072479248,3.6040000915527344,3.6040000915527344,3.631999969482422,3.631999969482422,3.624000072479248,3.624000072479248,3.624000072479248,3.628000020980835,2.880000114440918,2.864000082015991,2.864000082015991,4.119999885559082,4.111999988555908,inf,inf,inf,inf,inf,inf,inf,inf,inf,inf,inf,inf,inf,inf,inf,inf,inf,inf,inf,inf,inf,inf,inf,inf,inf,6.007999897003174,6.007999897003174,inf,inf,inf,inf,4.504000186920166,4.504000186920166,4.495999813079834,4.495999813079834,inf,inf,inf,inf,inf,inf,inf,6.320000171661377,6.320000171661377,6.400000095367432,6.9120001792907715,4.044000148773193,4.047999858856201,4.047999858856201,inf,inf,inf,inf,1.0140000581741333,1.0140000581741333,1.003999948501587,1.0019999742507935,1.0019999742507935,1.0,1.0,1.0,1.0,0.9980000257492065,0.9980000257492065,0.9959999918937683,0.9980000257492065,0.9980000257492065,0.9980000257492065,0.9959999918937683,0.9959999918937683,0.9959999918937683,0.9959999918937683,0.9980000257492065,0.9959999918937683,0.9980000257492065,0.9980000257492065,0.9980000257492065,0.9980000257492065,1.0,1.0,1.0,1.0019999742507935,1.0019999742507935,1.0019999742507935,1.0019999742507935,1.00600004196167,1.00600004196167,1.0080000162124634,1.0099999904632568,1.0199999809265137,1.0219999551773071,1.0299999713897705,1.0360000133514404,inf,inf,inf,inf,inf,1.0140000581741333,1.0140000581741333,1.0199999809265137,1.0199999809265137,1.0260000228881836,1.031999945640564,1.0420000553131104,1.0440000295639038,1.0499999523162842,1.0540000200271606,1.055999994277954,1.0579999685287476,1.062000036239624,1.0640000104904175,1.0720000267028809,1.0740000009536743,1.0759999752044678,1.0800000429153442,1.0820000171661377,1.0880000591278076,1.0920000076293945,1.0959999561309814,1.100000023841858,1.1139999628067017,1.0920000076293945,1.0920000076293945,1.0920000076293945,1.0800000429153442,1.0759999752044678,1.0720000267028809,1.0679999589920044,1.062000036239624,1.0579999685287476,1.0499999523162842,1.0460000038146973,1.0360000133514404,1.027999997138977,1.0180000066757202,inf,inf,inf,inf,inf,inf,inf,1.0099999904632568,1.0099999904632568,1.0019999742507935,1.0019999742507935,0.9860000014305115,0.984000027179718,0.9800000190734863,0.9779999852180481,0.9739999771118164,0.9700000286102295,0.9660000205039978,0.9679999947547913,
-3.1241393089294434,3.1415927410125732,0.008714509196579456,0.15000000596046448,12.0,1696619336623474943,0.9480000138282776,0.9440000057220459,0.9399999976158142,0.9399999976158142,0.9359999895095825,0.9359999895095825,0.9340000152587891,0.9300000071525574,0.9279999732971191,0.9259999990463257,0.9240000247955322,0.921999990940094,0.921999990940094,0.9200000166893005,0.906000018119812,0.9020000100135803,0.9020000100135803,0.8999999761581421,0.8999999761581421,0.8960000276565552,0.9200000166893005,0.9200000166893005,0.906000018119812,0.9120000004768372,0.9200000166893005,0.9259999990463257,0.9340000152587891,0.9359999895095825,0.9419999718666077,0.949999988079071,0.9559999704360962,0.9660000205039978,0.9700000286102295,0.9819999933242798,0.9879999756813049,0.9980000257492065,1.003999948501587,1.0080000162124634,1.0199999809265137,1.0260000228881836,1.0379999876022339,1.0460000038146973,1.0579999685287476,1.065999984741211,1.0779999494552612,1.0859999656677246,1.093999981880188,1.1100000143051147,1.1200000047683716,1.1440000534057617,inf,inf,inf,inf,inf,inf,1.218000054359436,1.218000054359436,1.246000051498413,1.2599999904632568,1.284000039100647,1.2940000295639038,1.305999994277954,0.13500000536441803,1.3420000076293945,0.13500000536441803,0.13199999928474426,0.13199999928474426,0.13199999928474426,1.7139999866485596,1.6979999542236328,1.6820000410079956,1.6820000410079956,inf,inf,inf,inf,inf,inf,inf,inf,inf,inf,inf,inf,inf,inf,2.059999942779541,2.059999942779541,2.0280001163482666,inf,inf,inf,inf,inf,inf,3.492000102996826,3.492000102996826,3.5239999294281006,3.559999942779541,4.840000152587891,4.840000152587891,4.831999778747559,4.800000190734863,4.815999984741211,inf,inf,inf,inf,inf,inf,inf,inf,inf,inf,inf,inf,inf,4.576000213623047,4.576000213623047,4.576000213623047,4.576000213623047,4.5279998779296875,4.480000019073486,4.432000160217285,4.415999889373779,4.375999927520752,4.360000133514404,4.360000133514404,4.360000133514404,4.360000133514404,4.360000133514404,4.343999862670898,4.343999862670898,4.3520002365112305,4.343999862670898,4.360000133514404,4.335999965667725,3.5399999618530273,3.5399999618530273,3.4679999351501465,3.4719998836517334,3.447999954223633,3.431999921798706,3.440000057220459,3.4719998836517334,3.51200008392334,inf,inf,inf,inf,inf,inf,inf,inf,inf,inf,inf,inf,inf,inf,inf,inf,4.423999786376953,4.423999786376953,4.423999786376953,4.423999786376953,4.455999851226807,4.455999851226807,4.4720001220703125,4.4720001220703125,4.495999813079834,4.495999813079834,4.519999980926514,4.519999980926514,4.535999774932861,4.544000148773193,inf,inf,inf,inf,inf,inf,4.104000091552734,4.104000091552734,4.052000045776367,4.052000045776367,4.019999980926514,3.9679999351501465,3.936000108718872,4.052000045776367,4.783999919891357,4.800000190734863,4.815999984741211,4.823999881744385,4.840000152587891,4.855999946594238,4.880000114440918,4.895999908447266,4.935999870300293,4.952000141143799,4.9679999351501465,4.9679999351501465,inf,inf,inf,inf,inf,inf,inf,inf,inf,inf,inf,inf,inf,4.400000095367432,4.400000095367432,inf,inf,inf,inf,4.840000152587891,4.840000152587891,4.815999984741211,4.815999984741211,5.0320000648498535,5.0320000648498535,5.320000171661377,5.320000171661377,5.3520002365112305,4.984000205993652,4.935999870300293,inf,inf,inf,3.2279999256134033,3.2279999256134033,3.196000099182129,3.2239999771118164,inf,inf,5.703999996185303,5.703999996185303,5.703999996185303,5.696000099182129,5.671999931335449,5.584000110626221,inf,inf,inf,inf,3.0799999237060547,3.0799999237060547,3.063999891281128,3.0480000972747803,3.0399999618530273,3.0360000133514404,3.0439999103546143,5.447999954223633,5.51200008392334,5.567999839782715,5.624000072479248,7.464000225067139,7.464000225067139,7.447999954223633,7.383999824523926,7.343999862670898,7.296000003814697,7.25600004196167,7.25600004196167,7.199999809265137,7.199999809265137,5.3520002365112305,5.3520002365112305,5.392000198364258,inf,inf,2.4119999408721924,2.4119999408721924,2.380000114440918,2.380000114440918,2.368000030517578,inf,inf,inf,2.2279999256134033,2.2279999256134033,2.2279999256134033,2.2279999256134033,2.2200000286102295,2.2039999961853027,2.196000099182129,2.187999963760376,2.1640000343322754,2.1559998989105225,2.140000104904175,2.128000020980835,0.13500000536441803,2.111999988555908,0.13300000131130219,2.0840001106262207,2.068000078201294,2.063999891281128,2.055999994277954,2.0480000972747803,2.0320000648498535,2.055999994277954,2.0320000648498535,2.0439999103546143,2.072000026702881,2.0880000591278076,2.1040000915527344,2.119999885559082,2.131999969482422,inf,inf,inf,inf,inf,inf,2.384000062942505,2.384000062942505,2.4079999923706055,2.427999973297119,2.4519999027252197,2.51200008392334,2.5160000324249268,2.5160000324249268,2.5160000324249268,2.51200008392334,2.5239999294281006,2.5239999294281006,2.5239999294281006,2.5199999809265137,2.5199999809265137,2.5199999809265137,2.5239999294281006,2.5360000133514404,2.5320000648498535,2.5360000133514404,2.5439999103546143,2.552000045776367,2.552000045776367,2.5439999103546143,2.5480000972747803,2.552000045776367,2.559999942779541,2.559999942779541,2.5799999237060547,2.5759999752044678,2.5759999752044678,2.5799999237060547,2.5799999237060547,2.5880000591278076,inf,6.4079999923706055,6.4079999923706055,6.3520002365112305,6.296000003814697,6.360000133514404,6.360000133514404,6.360000133514404,6.383999824523926,6.383999824523926,7.0960001945495605,7.111999988555908,7.119999885559082,7.144000053405762,7.159999847412109,7.176000118255615,7.176000118255615,7.168000221252441,7.184000015258789,7.216000080108643,7.248000144958496,7.296000003814697,7.296000003814697,7.25600004196167,7.25600004196167,7.047999858856201,inf,inf,inf,inf,inf,inf,inf,inf,inf,inf,7.447999954223633,7.447999954223633,7.047999858856201,7.047999858856201,6.840000152587891,6.783999919891357,6.671999931335449,6.616000175476074,2.859999895095825,2.8399999141693115,2.8399999141693115,2.8519999980926514,inf,inf,5.863999843597412,5.863999843597412,5.855999946594238,5.855999946594238,5.800000190734863,2.496000051498413,2.496000051498413,2.5199999809265137,2.5199999809265137,inf,1.1820000410079956,1.1820000410079956,1.1799999475479126,1.1779999732971191,1.1740000247955322,1.1699999570846558,1.1679999828338623,1.1679999828338623,1.1679999828338623,1.1720000505447388,1.1640000343322754,inf,inf,inf,inf,inf,inf,inf,inf,inf,inf,1.3240000009536743,1.3240000009536743,1.3140000104904175,1.3140000104904175,1.3079999685287476,1.305999994277954,1.3020000457763672,1.3020000457763672,1.3020000457763672,1.3020000457763672,1.3040000200271606,1.9179999828338623,1.9259999990463257,1.9259999990463257,1.940000057220459,1.7380000352859497,1.7259999513626099,1.7259999513626099,1.7059999704360962,1.6959999799728394,1.6419999599456787,1.6360000371932983,1.6339999437332153,1.6319999694824219,1.6319999694824219,1.6419999599456787,1.649999976158142,1.6579999923706055,1.6679999828338623,1.6660000085830688,1.6779999732971191,1.6820000410079956,1.684000015258789,1.684000015258789,1.6820000410079956,1.6679999828338623,1.649999976158142,1.6480000019073486,1.6519999504089355,1.6519999504089355,2.563999891281128,2.559999942779541,inf,inf,inf,inf,inf,inf,inf,inf,inf,inf,inf,inf,inf,inf,inf,inf,inf,inf,inf,inf,inf,inf,3.5280001163482666,3.5280001163482666,3.5280001163482666,inf,inf,inf,inf,inf,inf,inf,inf,inf,inf,inf,inf,inf,inf,inf,inf,inf,inf,inf,inf,inf,inf,inf,inf,inf,inf,inf,inf,inf,inf,inf,inf,inf,4.880000114440918,4.880000114440918,4.855999946594238,4.855999946594238,4.880000114440918,inf,2.5320000648498535,2.5320000648498535,2.507999897003174,3.75600004196167,inf,inf,inf,inf,3.7079999446868896,3.7079999446868896,3.6559998989105225,3.6559998989105225,3.687999963760376,3.687999963760376,3.700000047683716,3.700000047683716,3.684000015258789,2.936000108718872,2.9240000247955322,2.927999973297119,4.223999977111816,4.223999977111816,4.144000053405762,inf,inf,inf,inf,inf,inf,inf,inf,inf,inf,inf,inf,inf,inf,inf,inf,inf,inf,inf,inf,inf,inf,inf,inf,inf,inf,inf,inf,3.6040000915527344,3.6040000915527344,4.544000148773193,4.544000148773193,4.5279998779296875,4.5279998779296875,4.535999774932861,inf,inf,inf,inf,inf,6.504000186920166,6.504000186920166,6.76800012588501,6.76800012588501,6.751999855041504,6.751999855041504,inf,inf,1.0579999685287476,1.0579999685287476,1.0520000457763672,1.0520000457763672,1.0520000457763672,1.0499999523162842,1.0479999780654907,1.0479999780654907,1.0460000038146973,1.0460000038146973,1.0440000295639038,1.0440000295639038,1.0420000553131104,1.0440000295639038,1.0399999618530273,1.0420000553131104,1.0399999618530273,1.0399999618530273,1.0399999618530273,1.0399999618530273,1.0399999618530273,1.0399999618530273,1.0399999618530273,1.0399999618530273,1.0399999618530273,1.0399999618530273,1.0399999618530273,1.0420000553131104,1.0420000553131104,1.0420000553131104,1.0440000295639038,1.0440000295639038,1.0440000295639038,1.0460000038146973,1.0460000038146973,1.0479999780654907,1.0479999780654907,1.0499999523162842,1.0499999523162842,1.0520000457763672,1.055999994277954,1.062000036239624,1.0679999589920044,1.0740000009536743,1.0779999494552612,inf,inf,inf,inf,inf,inf,1.0640000104904175,1.0640000104904175,1.062000036239624,1.0740000009536743,1.0800000429153442,1.0859999656677246,1.0920000076293945,1.093999981880188,1.0980000495910645,1.100000023841858,1.1039999723434448,1.1080000400543213,1.1119999885559082,1.1139999628067017,1.1180000305175781,1.121999979019165,1.1160000562667847,1.1160000562667847,1.1119999885559082,1.1080000400543213,1.0980000495910645,1.093999981880188,1.0859999656677246,1.0820000171661377,1.0779999494552612,1.0720000267028809,1.0640000104904175,1.059999942779541,1.0520000457763672,1.0499999523162842,1.0420000553131104,1.0379999876022339,1.031999945640564,1.0299999713897705,1.0160000324249268,1.0080000162124634,0.9940000176429749,inf,inf,inf,inf,inf,inf,inf,inf,0.9860000014305115,0.9860000014305115,0.9779999852180481,0.9679999947547913,0.9660000205039978,0.9599999785423279,0.9580000042915344,0.9559999704360962,0.9520000219345093,0.949999988079071,0.9480000138282776,
-3.1241393089294434,3.1415927410125732,0.008714509196579456,0.15000000596046448,12.0,1696619336758619777,0.9279999732971191,0.9259999990463257,0.921999990940094,0.9200000166893005,0.9179999828338623,0.9160000085830688,0.9139999747276306,0.9120000004768372,0.9139999747276306,0.9139999747276306,0.9120000004768372,0.9120000004768372,0.9079999923706055,0.9079999923706055,0.9020000100135803,0.8999999761581421,0.906000018119812,0.9100000262260437,0.9179999828338623,0.9200000166893005,0.9279999732971191,0.9319999814033508,0.9399999976158142,0.9440000057220459,0.949999988079071,0.9580000042915344,0.9639999866485596,0.972000002861023,0.9760000109672546,0.9860000014305115,0.9919999837875366,1.0019999742507935,1.0080000162124634,1.0180000066757202,1.0240000486373901,1.0299999713897705,1.0420000553131104,1.0460000038146973,1.0579999685287476,1.0640000104904175,1.0779999494552612,1.0839999914169312,1.0980000495910645,1.1039999723434448,1.1200000047683716,1.128000020980835,1.1339999437332153,1.1519999504089355,1.1619999408721924,1.187999963760376,inf,inf,inf,inf,inf,1.2519999742507935,1.2519999742507935,1.2619999647140503,1.2960000038146973,1.3079999685287476,1.3220000267028809,inf,inf,0.13500000536441803,0.13500000536441803,1.684000015258789,0.13199999928474426,1.6799999475479126,0.13199999928474426,2.5399999618530273,inf,inf,inf,inf,inf,inf,inf,inf,inf,inf,inf,inf,inf,inf,inf,inf,inf,inf,inf,inf,inf,inf,inf,3.4519999027252197,3.4519999027252197,3.440000057220459,3.4519999027252197,3.4760000705718994,3.5399999618530273,4.800000190734863,4.800000190734863,4.783999919891357,4.776000022888184,inf,inf,inf,inf,3.6040000915527344,3.6040000915527344,3.368000030517578,3.368000030517578,inf,inf,3.375999927520752,3.375999927520752,3.371999979019165,3.371999979019165,3.3559999465942383,3.3519999980926514,4.552000045776367,4.552000045776367,4.544000148773193,4.5279998779296875,4.51200008392334,4.464000225067139,4.440000057220459,4.375999927520752,4.3520002365112305,4.296000003814697,4.288000106811523,4.288000106811523,4.288000106811523,4.28000020980835,4.28000020980835,4.28000020980835,4.28000020980835,4.28000020980835,3.496000051498413,3.496000051498413,3.4679999351501465,3.4079999923706055,3.4200000762939453,3.375999927520752,3.364000082015991,3.4000000953674316,3.4200000762939453,inf,inf,inf,inf,inf,inf,inf,inf,inf,inf,inf,inf,inf,inf,4.28000020980835,4.28000020980835,4.303999900817871,4.320000171661377,4.3520002365112305,4.360000133514404,4.360000133514404,4.400000095367432,4.400000095367432,4.400000095367432,4.392000198364258,4.440000057220459,4.440000057220459,4.440000057220459,4.432000160217285,4.447999954223633,4.480000019073486,inf,inf,inf,inf,inf,inf,inf,inf,4.0320000648498535,4.0320000648498535,3.9800000190734863,3.9519999027252197,3.880000114440918,3.9240000247955322,4.711999893188477,4.711999893188477,4.74399995803833,4.760000228881836,4.783999919891357,4.783999919891357,4.831999778747559,4.831999778747559,4.840000152587891,4.880000114440918,4.895999908447266,4.920000076293945,4.935999870300293,4.960000038146973,4.935999870300293,inf,inf,inf,inf,inf,inf,inf,inf,inf,inf,inf,inf,inf,inf,inf,2.308000087738037,2.308000087738037,2.315999984741211,2.315999984741211,inf,inf,5.296000003814697,5.296000003814697,inf,5.296000003814697,5.296000003814697,4.935999870300293,inf,6.328000068664551,6.328000068664551,inf,3.1480000019073486,3.1480000019073486,3.1519999504089355,3.1519999504089355,6.639999866485596,5.671999931335449,5.671999931335449,5.679999828338623,5.679999828338623,5.631999969482422,5.631999969482422,inf,inf,inf,inf,3.200000047683716,3.200000047683716,3.1559998989105225,3.007999897003174,3.003999948501587,3.0,2.98799991607666,2.98799991607666,3.0,5.776000022888184,5.688000202178955,5.688000202178955,7.415999889373779,7.415999889373779,7.383999824523926,7.360000133514404,7.288000106811523,7.263999938964844,7.239999771118164,7.239999771118164,7.199999809265137,7.199999809265137,5.288000106811523,5.288000106811523,5.271999835968018,7.007999897003174,inf,inf,inf,inf,inf,inf,inf,inf,inf,inf,2.2320001125335693,2.2320001125335693,2.2239999771118164,2.2160000801086426,2.200000047683716,2.196000099182129,2.1679999828338623,2.1600000858306885,2.1480000019073486,2.128000020980835,2.128000020980835,0.1340000033378601,0.13199999928474426,2.0840001106262207,2.0799999237060547,2.063999891281128,2.063999891281128,2.052000045776367,2.0399999618530273,2.0260000228881836,2.0239999294281006,2.009999990463257,2.00600004196167,2.0239999294281006,2.00600004196167,2.0239999294281006,inf,inf,inf,inf,inf,inf,2.2679998874664307,2.2679998874664307,2.2799999713897705,2.2799999713897705,2.319999933242798,2.3399999141693115,2.384000062942505,2.4040000438690186,2.4519999027252197,2.4719998836517334,2.4600000381469727,2.492000102996826,2.5,2.492000102996826,2.496000051498413,2.496000051498413,2.496000051498413,2.496000051498413,2.5,2.503999948501587,2.507999897003174,2.51200008392334,2.5160000324249268,2.5199999809265137,2.5199999809265137,2.5280001163482666,2.5280001163482666,2.5320000648498535,2.5360000133514404,2.5399999618530273,2.552000045776367,2.555999994277954,2.559999942779541,2.568000078201294,2.5799999237060547,2.5799999237060547,2.5799999237060547,2.5799999237060547,6.320000171661377,6.320000171661377,6.271999835968018,6.271999835968018,6.23199987411499,6.343999862670898,6.392000198364258,6.383999824523926,7.079999923706055,7.079999923706055,7.104000091552734,7.104000091552734,7.1519999504089355,7.191999912261963,7.199999809265137,7.199999809265137,7.23199987411499,7.248000144958496,7.239999771118164,7.28000020980835,7.23199987411499,7.216000080108643,7.064000129699707,6.9120001792907715,inf,inf,inf,inf,inf,inf,inf,inf,7.559999942779541,7.559999942779541,7.368000030517578,7.368000030517578,7.199999809265137,7.0320000648498535,6.880000114440918,6.840000152587891,6.711999893188477,6.679999828338623,6.552000045776367,6.495999813079834,2.871999979019165,2.871999979019165,2.871999979019165,5.952000141143799,inf,inf,5.895999908447266,5.895999908447266,5.840000152587891,5.808000087738037,5.823999881744385,inf,2.5280001163482666,2.5280001163482666,4.3520002365112305,4.3520002365112305,inf,1.2139999866485596,1.2139999866485596,1.2100000381469727,1.2100000381469727,1.2079999446868896,1.2059999704360962,1.1920000314712524,1.1859999895095825,inf,inf,inf,inf,inf,inf,inf,inf,inf,inf,inf,inf,1.305999994277954,1.305999994277954,1.3040000200271606,1.3040000200271606,1.2960000038146973,1.2960000038146973,1.2899999618530273,1.2879999876022339,1.2860000133514404,1.281999945640564,1.2940000295639038,1.315999984741211,1.9620000123977661,1.968000054359436,inf,1.7760000228881836,1.7760000228881836,1.7640000581741333,1.753999948501587,1.7259999513626099,1.6959999799728394,1.684000015258789,1.6820000410079956,1.6799999475479126,1.690000057220459,1.7020000219345093,1.7020000219345093,1.7039999961853027,1.718000054359436,1.7200000286102295,1.7280000448226929,1.7319999933242798,1.7359999418258667,1.7359999418258667,1.7280000448226929,1.7100000381469727,1.7079999446868896,1.7059999704360962,1.7079999446868896,1.7079999446868896,2.619999885559082,2.619999885559082,4.800000190734863,4.808000087738037,4.76800012588501,4.783999919891357,4.776000022888184,4.776000022888184,4.751999855041504,4.751999855041504,4.751999855041504,4.751999855041504,4.736000061035156,4.71999979019165,4.71999979019165,4.74399995803833,4.74399995803833,4.71999979019165,3.7320001125335693,inf,inf,inf,inf,inf,inf,inf,inf,inf,inf,inf,inf,inf,inf,inf,inf,inf,inf,inf,inf,inf,inf,inf,inf,inf,inf,inf,inf,inf,inf,inf,inf,inf,inf,inf,inf,inf,inf,4.943999767303467,4.943999767303467,4.960000038146973,4.960000038146973,4.952000141143799,2.6040000915527344,2.6040000915527344,2.5959999561309814,2.5959999561309814,inf,inf,inf,inf,inf,inf,inf,inf,inf,3.752000093460083,3.752000093460083,3.7760000228881836,3.7760000228881836,3.7639999389648438,2.9760000705718994,2.996000051498413,2.996000051498413,4.263999938964844,4.263999938964844,4.239999771118164,inf,inf,inf,inf,inf,inf,inf,inf,inf,inf,inf,inf,inf,inf,inf,inf,inf,inf,inf,inf,inf,inf,inf,inf,inf,inf,inf,3.6480000019073486,3.6480000019073486,inf,inf,inf,4.599999904632568,4.599999904632568,inf,inf,inf,inf,inf,inf,6.400000095367432,6.400000095367432,6.48799991607666,6.48799991607666,inf,inf,1.1100000143051147,1.1100000143051147,1.1019999980926514,1.0980000495910645,1.0980000495910645,1.0959999561309814,1.0959999561309814,1.093999981880188,1.093999981880188,1.090000033378601,1.0920000076293945,1.0880000591278076,1.0880000591278076,1.0859999656677246,1.0859999656677246,1.0859999656677246,1.0859999656677246,1.0839999914169312,1.0820000171661377,1.0820000171661377,1.0820000171661377,1.0820000171661377,1.0820000171661377,1.0820000171661377,1.0820000171661377,1.0820000171661377,1.0820000171661377,1.0820000171661377,1.0820000171661377,1.0839999914169312,1.0820000171661377,1.0839999914169312,1.0839999914169312,1.0859999656677246,1.0859999656677246,1.0859999656677246,1.0880000591278076,1.090000033378601,1.090000033378601,1.0920000076293945,1.0920000076293945,1.0959999561309814,1.0980000495910645,1.1059999465942383,1.1100000143051147,1.1200000047683716,1.1200000047683716,inf,inf,inf,inf,inf,inf,1.1019999980926514,1.1019999980926514,1.1100000143051147,1.1160000562667847,1.121999979019165,1.1299999952316284,1.1339999437332153,1.1380000114440918,1.1399999856948853,1.1440000534057617,1.1480000019073486,1.1360000371932983,1.1319999694824219,1.1319999694824219,1.1239999532699585,1.1200000047683716,1.1119999885559082,1.1019999980926514,1.0959999561309814,1.0880000591278076,1.0820000171661377,1.0779999494552612,1.0720000267028809,1.062000036239624,1.0579999685287476,1.0499999523162842,1.0479999780654907,1.0399999618530273,1.0360000133514404,1.034000039100647,1.0260000228881836,1.0180000066757202,1.0160000324249268,1.0080000162124634,1.0,0.9860000014305115,0.9800000190734863,inf,inf,inf,inf,inf,inf,inf,0.9700000286102295,0.9700000286102295,0.9639999866485596,0.9639999866485596,0.9520000219345093,0.949999988079071,0.9459999799728394,0.9399999976158142,0.9399999976158142,0.9359999895095825,0.9340000152587891,0.9319999814033508,
-3.1241393089294434,3.1415927410125732,0.008714509196579456,0.15000000596046448,12.0,1696619336894063037,0.9100000262260437,0.9100000262260437,0.9100000262260437,0.906000018119812,0.9039999842643738,0.9039999842643738,0.9020000100135803,0.8960000276565552,0.8960000276565552,0.8920000195503235,0.8920000195503235,0.8880000114440918,0.8740000128746033,0.8920000195503235,0.9259999990463257,0.9279999732971191,0.9359999895095825,0.9399999976158142,0.949999988079071,0.9520000219345093,0.9559999704360962,0.9639999866485596,0.9679999947547913,0.9779999852180481,0.9800000190734863,0.9900000095367432,0.9940000176429749,1.003999948501587,1.0080000162124634,1.0199999809265137,1.0240000486373901,1.0299999713897705,1.0399999618530273,1.0440000295639038,1.055999994277954,1.059999942779541,1.0720000267028809,1.0800000429153442,1.0920000076293945,1.0980000495910645,1.1100000143051147,1.1180000305175781,1.1260000467300415,1.1380000114440918,1.1440000534057617,1.159999966621399,1.1679999828338623,1.184000015258789,1.1959999799728394,1.2100000381469727,inf,inf,inf,inf,inf,inf,inf,inf,inf,inf,inf,inf,1.6399999856948853,1.6399999856948853,1.6239999532699585,1.6080000400543213,0.13199999928474426,2.496000051498413,0.13199999928474426,inf,inf,inf,inf,inf,inf,inf,inf,inf,inf,inf,inf,inf,inf,inf,inf,inf,inf,inf,inf,inf,inf,inf,inf,3.3959999084472656,3.3959999084472656,3.4159998893737793,3.447999954223633,3.4679999351501465,4.760000228881836,4.751999855041504,4.751999855041504,4.74399995803833,4.703999996185303,inf,inf,3.140000104904175,3.140000104904175,inf,inf,inf,inf,inf,inf,inf,inf,inf,inf,inf,4.288000106811523,4.288000106811523,4.288000106811523,4.288000106811523,4.28000020980835,4.263999938964844,4.271999835968018,4.263999938964844,4.239999771118164,4.239999771118164,4.23199987411499,4.23199987411499,4.223999977111816,4.223999977111816,4.208000183105469,4.208000183105469,4.199999809265137,4.199999809265137,3.4240000247955322,3.4240000247955322,3.427999973297119,3.4000000953674316,3.3440001010894775,3.3480000495910645,3.328000068664551,3.3239998817443848,3.3480000495910645,3.359999895095825,4.191999912261963,4.191999912261963,4.184000015258789,4.184000015258789,4.208000183105469,4.208000183105469,4.208000183105469,4.208000183105469,4.239999771118164,4.239999771118164,4.248000144958496,4.248000144958496,4.239999771118164,4.25600004196167,4.263999938964844,4.263999938964844,4.28000020980835,4.271999835968018,4.288000106811523,4.288000106811523,4.296000003814697,inf,4.335999965667725,4.335999965667725,4.328000068664551,4.343999862670898,4.3520002365112305,4.3520002365112305,4.360000133514404,4.375999927520752,4.392000198364258,4.400000095367432,inf,inf,inf,inf,inf,inf,3.9719998836517334,3.9719998836517334,3.9159998893737793,3.9159998893737793,3.884000062942505,3.8480000495910645,3.815999984741211,3.9119999408721924,4.6479997634887695,4.664000034332275,4.664000034332275,4.688000202178955,4.703999996185303,4.728000164031982,4.74399995803833,4.783999919891357,4.800000190734863,4.823999881744385,4.855999946594238,4.880000114440918,4.888000011444092,4.9039998054504395,4.895999908447266,4.639999866485596,inf,3.9719998836517334,3.9719998836517334,4.664000034332275,4.664000034332275,inf,inf,inf,inf,inf,inf,inf,inf,inf,inf,2.2639999389648438,2.2639999389648438,2.25600004196167,4.711999893188477,4.751999855041504,4.751999855041504,5.25600004196167,5.25600004196167,4.872000217437744,4.872000217437744,4.831999778747559,4.831999778747559,inf,6.271999835968018,6.271999835968018,3.0959999561309814,3.0920000076293945,3.0920000076293945,3.0920000076293945,3.1040000915527344,inf,5.567999839782715,5.567999839782715,5.535999774932861,5.535999774932861,5.535999774932861,5.495999813079834,inf,3.187999963760376,3.187999963760376,3.191999912261963,3.196000099182129,3.191999912261963,3.2039999961853027,2.9600000381469727,2.9600000381469727,2.940000057220459,2.931999921798706,2.927999973297119,2.944000005722046,5.751999855041504,7.3520002365112305,7.3520002365112305,7.343999862670898,7.343999862670898,7.296000003814697,7.239999771118164,7.23199987411499,7.199999809265137,7.104000091552734,7.104000091552734,7.079999923706055,5.263999938964844,5.23199987411499,5.23199987411499,5.288000106811523,6.776000022888184,inf,inf,inf,inf,inf,inf,inf,inf,2.240000009536743,2.240000009536743,2.2239999771118164,2.2160000801086426,2.200000047683716,2.200000047683716,2.1760001182556152,2.1640000343322754,0.13600000739097595,2.131999969482422,0.13500000536441803,2.119999885559082,2.0959999561309814,0.13199999928474426,2.072000026702881,2.068000078201294,2.059999942779541,2.055999994277954,2.0339999198913574,2.0299999713897705,2.0199999809265137,2.0139999389648438,2.00600004196167,2.0,1.9900000095367432,1.9739999771118164,inf,inf,inf,inf,inf,inf,2.1559998989105225,2.1559998989105225,2.1519999504089355,2.1679999828338623,2.184000015258789,2.2239999771118164,2.247999906539917,2.2880001068115234,2.308000087738037,2.3320000171661377,2.380000114440918,2.4000000953674316,2.4560000896453857,2.444000005722046,2.4800000190734863,2.4839999675750732,2.48799991607666,2.492000102996826,2.4839999675750732,2.48799991607666,2.48799991607666,2.492000102996826,2.492000102996826,2.492000102996826,2.496000051498413,2.503999948501587,2.507999897003174,2.5199999809265137,2.5199999809265137,2.5199999809265137,2.5239999294281006,2.5280001163482666,2.5360000133514404,2.5439999103546143,2.5439999103546143,2.552000045776367,2.555999994277954,2.568000078201294,2.572000026702881,2.5759999752044678,2.5759999752044678,inf,inf,6.3520002365112305,6.3520002365112305,6.3520002365112305,6.392000198364258,inf,7.072000026702881,7.072000026702881,7.0960001945495605,7.0960001945495605,7.136000156402588,7.184000015258789,7.176000118255615,7.176000118255615,7.216000080108643,7.223999977111816,7.271999835968018,7.208000183105469,6.880000114440918,6.880000114440918,inf,inf,inf,inf,inf,inf,inf,inf,inf,inf,7.4079999923706055,7.4079999923706055,7.239999771118164,7.0960001945495605,7.02400016784668,6.935999870300293,6.9120001792907715,6.783999919891357,6.728000164031982,6.599999904632568,6.544000148773193,6.504000186920166,2.9040000438690186,2.8919999599456787,2.8919999599456787,2.9000000953674316,inf,inf,5.823999881744385,5.823999881744385,5.840000152587891,5.840000152587891,5.863999843597412,5.888000011444092,2.563999891281128,inf,4.392000198364258,4.392000198364258,4.380000114440918,3.4000000953674316,3.3919999599456787,3.3959999084472656,inf,inf,inf,inf,inf,inf,inf,inf,inf,inf,inf,inf,inf,inf,4.400000095367432,4.400000095367432,inf,inf,inf,1.2400000095367432,1.2400000095367432,1.2359999418258667,1.2300000190734863,1.2200000286102295,1.215999960899353,1.2100000381469727,1.2079999446868896,1.2039999961853027,1.2039999961853027,inf,2.00600004196167,2.00600004196167,2.0199999809265137,1.8200000524520874,1.8200000524520874,1.809999942779541,1.8040000200271606,1.7999999523162842,1.746000051498413,1.7319999933242798,1.7300000190734863,1.722000002861023,1.7319999933242798,1.746000051498413,1.7519999742507935,1.7599999904632568,1.7699999809265137,1.7680000066757202,1.7860000133514404,1.7879999876022339,1.7920000553131104,1.7899999618530273,1.7760000228881836,1.7619999647140503,1.7580000162124634,1.7599999904632568,1.7599999904632568,4.872000217437744,4.872000217437744,4.880000114440918,4.872000217437744,4.783999919891357,4.783999919891357,4.840000152587891,4.808000087738037,4.800000190734863,4.800000190734863,4.831999778747559,4.815999984741211,4.808000087738037,4.815999984741211,4.808000087738037,4.783999919891357,4.76800012588501,3.75600004196167,inf,inf,inf,inf,inf,inf,inf,inf,inf,inf,inf,inf,inf,inf,inf,inf,inf,inf,inf,inf,inf,inf,inf,inf,inf,inf,inf,inf,inf,inf,inf,inf,inf,inf,inf,inf,inf,inf,4.97599983215332,4.97599983215332,4.97599983215332,4.992000102996826,2.6519999504089355,2.6519999504089355,2.6519999504089355,2.6519999504089355,2.631999969482422,inf,inf,inf,3.815999984741211,3.815999984741211,3.828000068664551,3.828000068664551,3.815999984741211,3.815999984741211,3.828000068664551,3.828000068664551,3.8320000171661377,3.828000068664551,3.055999994277954,3.055999994277954,3.0480000972747803,4.3520002365112305,4.3520002365112305,4.303999900817871,inf,inf,inf,inf,inf,inf,inf,inf,inf,inf,inf,inf,inf,inf,inf,inf,inf,inf,inf,inf,inf,inf,inf,inf,inf,inf,inf,3.7079999446868896,3.7079999446868896,inf,inf,4.639999866485596,4.639999866485596,4.6479997634887695,inf,inf,inf,inf,inf,inf,inf,1.1660000085830688,1.1660000085830688,1.1579999923706055,1.1579999923706055,1.1519999504089355,1.149999976158142,1.1480000019073486,1.1460000276565552,1.1460000276565552,1.1419999599456787,1.1419999599456787,1.1380000114440918,1.1380000114440918,1.1360000371932983,1.1339999437332153,1.1339999437332153,1.1319999694824219,1.1319999694824219,1.1319999694824219,1.128000020980835,1.1299999952316284,1.128000020980835,1.128000020980835,1.1260000467300415,1.1260000467300415,1.1260000467300415,1.1260000467300415,1.1260000467300415,1.1260000467300415,1.1260000467300415,1.1260000467300415,1.1260000467300415,1.1239999532699585,1.1239999532699585,1.1260000467300415,1.1260000467300415,1.128000020980835,1.1299999952316284,1.1299999952316284,1.128000020980835,1.1299999952316284,1.1319999694824219,1.1339999437332153,1.1339999437332153,1.1360000371932983,1.1360000371932983,1.1380000114440918,1.1419999599456787,1.149999976158142,1.1540000438690186,1.1660000085830688,1.156000018119812,inf,inf,inf,inf,inf,1.1460000276565552,1.1460000276565552,1.1519999504089355,1.1519999504089355,1.1579999923706055,1.1640000343322754,1.1759999990463257,1.1740000247955322,1.1579999923706055,1.1519999504089355,1.1399999856948853,1.1360000371932983,1.1260000467300415,1.1200000047683716,1.1100000143051147,1.1039999723434448,1.093999981880188,1.090000033378601,1.0800000429153442,1.0759999752044678,1.0679999589920044,1.0640000104904175,1.0540000200271606,1.0520000457763672,1.0399999618530273,1.0379999876022339,1.031999945640564,1.027999997138977,1.0199999809265137,1.0160000324249268,1.0080000162124634,1.00600004196167,0.9980000257492065,0.9940000176429749,0.9860000014305115,0.9800000190734863,0.9660000205039978,0.9620000123977661,inf,inf,inf,inf,inf,inf,0.9539999961853027,0.9539999961853027,inf,0.9459999799728394,0.9459999799728394,0.9340000152587891,0.9259999990463257,0.9240000247955322,0.9200000166893005,0.9179999828338623,0.9160000085830688,0.9139999747276306,0.9120000004768372,
-3.1241393089294434,3.1415927410125732,0.008714509196579456,0.15000000596046448,12.0,1696619337030314902,0.8960000276565552,0.8899999856948853,0.8880000114440918,0.8840000033378601,0.871999979019165,0.8960000276565552,0.8960000276565552,0.8939999938011169,0.8980000019073486,0.9039999842643738,0.9079999923706055,0.9120000004768372,0.9139999747276306,0.9179999828338623,0.9559999704360962,0.9599999785423279,0.9679999947547913,0.972000002861023,0.9739999771118164,0.9819999933242798,0.9879999756813049,0.9980000257492065,1.0019999742507935,1.0099999904632568,1.0140000581741333,1.0219999551773071,1.0260000228881836,1.031999945640564,1.0420000553131104,1.0460000038146973,1.0579999685287476,1.062000036239624,1.0740000009536743,1.0800000429153442,1.0920000076293945,1.0980000495910645,1.1100000143051147,1.1139999628067017,1.1200000047683716,1.1339999437332153,1.1399999856948853,1.1540000438690186,1.159999966621399,1.1720000505447388,1.1799999475479126,1.1979999542236328,1.2039999961853027,1.2120000123977661,1.2400000095367432,1.2519999742507935,inf,inf,inf,inf,inf,inf,inf,inf,1.6180000305175781,1.6180000305175781,1.593999981880188,1.5720000267028809,inf,4.0879998207092285,4.0879998207092285,0.1340000033378601,0.13199999928474426,0.13199999928474426,0.13199999928474426,inf,inf,inf,inf,inf,inf,inf,inf,inf,inf,inf,inf,inf,inf,inf,inf,inf,inf,inf,inf,inf,inf,3.3519999980926514,3.3519999980926514,3.371999979019165,3.371999979019165,3.4000000953674316,3.431999921798706,4.6479997634887695,4.6479997634887695,4.567999839782715,4.5279998779296875,inf,inf,inf,inf,3.0759999752044678,3.0759999752044678,inf,inf,inf,inf,inf,inf,inf,inf,inf,4.239999771118164,4.239999771118164,4.23199987411499,4.23199987411499,4.216000080108643,4.216000080108643,4.208000183105469,4.199999809265137,4.199999809265137,4.191999912261963,4.184000015258789,4.168000221252441,4.168000221252441,4.159999847412109,4.159999847412109,4.159999847412109,4.1519999504089355,4.1519999504089355,4.1519999504089355,4.144000053405762,4.136000156402588,3.375999927520752,3.364000082015991,3.2960000038146973,3.299999952316284,3.2720000743865967,3.259999990463257,3.2799999713897705,3.303999900817871,3.303999900817871,3.368000030517578,4.1519999504089355,4.144000053405762,4.144000053405762,4.127999782562256,4.127999782562256,4.136000156402588,4.136000156402588,4.168000221252441,4.168000221252441,4.168000221252441,4.168000221252441,4.168000221252441,4.168000221252441,4.184000015258789,4.184000015258789,4.191999912261963,4.199999809265137,4.208000183105469,4.216000080108643,4.23199987411499,inf,4.263999938964844,4.263999938964844,4.263999938964844,4.288000106811523,4.296000003814697,4.296000003814697,4.28000020980835,4.296000003814697,4.311999797821045,4.320000171661377,inf,inf,inf,inf,inf,inf,3.940000057220459,3.940000057220459,3.8399999141693115,3.8399999141693115,3.7960000038146973,3.7720000743865967,3.752000093460083,3.8559999465942383,3.8559999465942383,4.576000213623047,4.5920000076293945,4.616000175476074,4.624000072479248,4.656000137329102,4.664000034332275,4.703999996185303,4.711999893188477,4.74399995803833,4.760000228881836,4.808000087738037,4.823999881744385,4.815999984741211,4.831999778747559,4.831999778747559,4.552000045776367,4.51200008392334,inf,4.624000072479248,4.624000072479248,inf,inf,inf,inf,inf,inf,inf,inf,5.584000110626221,5.584000110626221,inf,2.187999963760376,2.187999963760376,2.200000047683716,2.200000047683716,4.880000114440918,4.895999908447266,4.895999908447266,5.168000221252441,5.168000221252441,4.872000217437744,4.872000217437744,4.74399995803833,inf,inf,6.216000080108643,6.216000080108643,3.0399999618530273,3.0280001163482666,3.0280001163482666,3.0320000648498535,5.679999828338623,5.679999828338623,5.711999893188477,inf,inf,inf,5.383999824523926,5.383999824523926,3.1640000343322754,3.171999931335449,3.171999931335449,3.184000015258789,3.1760001182556152,3.1640000343322754,2.9200000762939453,2.9119999408721924,2.9040000438690186,2.8919999599456787,2.888000011444092,2.9000000953674316,5.760000228881836,5.760000228881836,7.303999900817871,7.303999900817871,7.288000106811523,7.263999938964844,7.248000144958496,7.23199987411499,7.199999809265137,7.184000015258789,7.104000091552734,7.104000091552734,5.216000080108643,5.216000080108643,5.191999912261963,5.216000080108643,5.311999797821045,inf,inf,inf,inf,inf,inf,inf,2.252000093460083,2.252000093460083,2.24399995803833,2.2200000286102295,2.2119998931884766,2.200000047683716,2.187999963760376,2.1600000858306885,2.1559998989105225,2.1519999504089355,0.13500000536441803,2.124000072479248,0.13199999928474426,2.0999999046325684,2.0880000591278076,2.0759999752044678,2.063999891281128,2.059999942779541,2.049999952316284,2.0360000133514404,2.0260000228881836,2.0199999809265137,2.007999897003174,2.002000093460083,1.996000051498413,1.9859999418258667,inf,inf,inf,inf,inf,inf,2.0360000133514404,2.0360000133514404,2.0439999103546143,2.0439999103546143,2.059999942779541,2.0999999046325684,2.115999937057495,2.1559998989105225,2.1760001182556152,2.2239999771118164,2.24399995803833,2.2920000553131104,2.308000087738037,2.364000082015991,2.388000011444092,2.440000057220459,2.436000108718872,2.440000057220459,2.4839999675750732,2.4839999675750732,2.4800000190734863,2.4800000190734863,2.4800000190734863,2.4839999675750732,2.496000051498413,2.48799991607666,2.48799991607666,2.48799991607666,2.492000102996826,2.496000051498413,2.503999948501587,2.503999948501587,2.5160000324249268,2.5199999809265137,2.5239999294281006,2.5320000648498535,2.5320000648498535,2.5399999618530273,2.5439999103546143,2.563999891281128,2.572000026702881,2.568000078201294,2.572000026702881,2.5759999752044678,inf,6.343999862670898,6.343999862670898,6.375999927520752,6.383999824523926,7.079999923706055,7.079999923706055,7.111999988555908,7.136000156402588,7.1519999504089355,7.127999782562256,7.208000183105469,7.208000183105469,7.239999771118164,7.239999771118164,7.0960001945495605,6.992000102996826,inf,inf,inf,inf,inf,inf,inf,inf,inf,7.791999816894531,7.791999816894531,7.4720001220703125,7.4720001220703125,7.4079999923706055,7.28000020980835,7.176000118255615,7.0879998207092285,6.97599983215332,6.920000076293945,6.823999881744385,6.736000061035156,6.639999866485596,6.576000213623047,6.519999980926514,6.4720001220703125,2.940000057220459,2.927999973297119,2.927999973297119,2.9240000247955322,2.9240000247955322,3.2720000743865967,3.2720000743865967,5.880000114440918,5.880000114440918,5.888000011444092,5.9039998054504395,5.927999973297119,inf,2.5880000591278076,2.5880000591278076,2.6080000400543213,4.392000198364258,4.392000198364258,3.431999921798706,3.431999921798706,5.21999979019165,inf,inf,inf,inf,inf,inf,inf,inf,inf,1.277999997138977,1.277999997138977,1.2740000486373901,1.2740000486373901,1.2719999551773071,inf,inf,inf,inf,inf,1.1619999408721924,1.1619999408721924,1.1519999504089355,1.1519999504089355,1.1440000534057617,1.1360000371932983,1.1200000047683716,1.1139999628067017,1.1080000400543213,1.1059999465942383,1.1039999723434448,1.1119999885559082,1.156000018119812,1.871999979019165,1.871999979019165,1.8580000400543213,1.8580000400543213,1.850000023841858,1.840000033378601,1.7860000133514404,1.7799999713897705,1.7760000228881836,1.7719999551773071,1.7879999876022339,1.7960000038146973,1.7999999523162842,1.815999984741211,1.8179999589920044,1.8259999752044678,1.8339999914169312,1.840000033378601,1.840000033378601,1.8320000171661377,1.8220000267028809,1.812000036239624,1.812000036239624,1.8140000104904175,inf,inf,inf,inf,inf,inf,inf,inf,inf,inf,inf,inf,inf,inf,inf,inf,inf,inf,inf,inf,inf,inf,inf,inf,inf,inf,inf,inf,inf,inf,inf,inf,inf,inf,inf,inf,inf,inf,inf,inf,inf,inf,inf,inf,inf,inf,inf,inf,inf,inf,inf,inf,4.28000020980835,4.28000020980835,5.271999835968018,5.271999835968018,5.271999835968018,5.271999835968018,5.288000106811523,5.303999900817871,2.7119998931884766,2.7119998931884766,inf,inf,3.875999927520752,3.875999927520752,3.880000114440918,3.880000114440918,3.9000000953674316,3.8919999599456787,inf,inf,3.875999927520752,3.875999927520752,3.871999979019165,3.880000114440918,3.119999885559082,3.119999885559082,3.119999885559082,4.423999786376953,4.383999824523926,4.368000030517578,inf,inf,inf,inf,inf,inf,inf,inf,inf,inf,inf,inf,inf,inf,inf,inf,inf,inf,inf,inf,inf,inf,inf,inf,inf,inf,inf,3.812000036239624,3.812000036239624,4.6479997634887695,4.6479997634887695,4.703999996185303,4.703999996185303,4.679999828338623,inf,inf,inf,inf,inf,inf,1.2319999933242798,1.2319999933242798,1.2079999446868896,1.2000000476837158,1.2000000476837158,1.1959999799728394,1.194000005722046,1.190000057220459,1.190000057220459,1.187999963760376,1.1859999895095825,1.184000015258789,1.1820000410079956,1.1820000410079956,1.1799999475479126,1.1779999732971191,1.1759999990463257,1.1759999990463257,1.1740000247955322,1.1740000247955322,1.1720000505447388,1.1720000505447388,1.1699999570846558,1.1699999570846558,1.1699999570846558,1.1679999828338623,1.1699999570846558,1.1679999828338623,1.1679999828338623,1.1679999828338623,1.1679999828338623,1.1679999828338623,1.1679999828338623,1.1679999828338623,1.1699999570846558,1.1699999570846558,1.1699999570846558,1.1699999570846558,1.1699999570846558,1.1720000505447388,1.1720000505447388,1.1740000247955322,1.1740000247955322,1.1740000247955322,1.1759999990463257,1.1759999990463257,1.1779999732971191,1.1820000410079956,1.184000015258789,1.194000005722046,1.1959999799728394,1.2079999446868896,inf,inf,inf,inf,inf,inf,1.1679999828338623,1.1679999828338623,1.1679999828338623,1.1679999828338623,1.1660000085830688,1.1619999408721924,1.156000018119812,1.1519999504089355,1.1399999856948853,1.1360000371932983,1.121999979019165,1.1180000305175781,1.1059999465942383,1.1019999980926514,1.0920000076293945,1.0880000591278076,1.0779999494552612,1.0720000267028809,1.062000036239624,1.0579999685287476,1.0479999780654907,1.0440000295639038,1.0360000133514404,1.031999945640564,1.0240000486373901,1.0199999809265137,1.0099999904632568,1.0080000162124634,1.0,0.9980000257492065,0.9900000095367432,0.9860000014305115,0.9800000190734863,0.9760000109672546,0.9679999947547913,0.9639999866485596,0.949999988079071,inf,inf,inf,inf,inf,inf,inf,0.9340000152587891,0.9340000152587891,0.9279999732971191,0.9279999732971191,0.9200000166893005,0.9160000085830688,0.9139999747276306,0.9120000004768372,0.9100000262260437,0.9079999923706055,0.9039999842643738,0.9020000100135803,0.8960000276565552,
-3.1241393089294434,3.1415927410125732,0.008714509196579456,0.15000000596046448,12.0,1696619337166388602,0.8939999938011169,0.8999999761581421,0.9039999842643738,0.9079999923706055,0.9100000262260437,0.9120000004768372,0.9160000085830688,0.9200000166893005,0.9279999732971191,0.9300000071525574,0.9380000233650208,0.9399999976158142,0.9459999799728394,0.949999988079071,0.984000027179718,0.9919999837875366,0.9959999918937683,1.003999948501587,1.00600004196167,1.0119999647140503,1.0180000066757202,1.0219999551773071,1.0299999713897705,1.034000039100647,1.0440000295639038,1.0479999780654907,1.0579999685287476,1.0640000104904175,1.0740000009536743,1.0800000429153442,1.0859999656677246,1.0959999561309814,1.100000023841858,1.1080000400543213,1.1160000562667847,1.1260000467300415,1.1319999694824219,1.1460000276565552,1.1519999504089355,1.1660000085830688,1.1720000505447388,1.1779999732971191,1.194000005722046,1.2020000219345093,1.215999960899353,1.2239999771118164,1.2400000095367432,inf,inf,inf,inf,inf,inf,inf,inf,1.5640000104904175,1.5640000104904175,1.5520000457763672,1.5379999876022339,inf,4.0320000648498535,4.0320000648498535,inf,0.13500000536441803,0.13500000536441803,2.436000108718872,0.13300000131130219,0.13199999928474426,inf,inf,inf,inf,inf,inf,inf,inf,1.899999976158142,1.899999976158142,1.8799999952316284,1.8799999952316284,inf,inf,inf,inf,inf,inf,inf,inf,inf,inf,inf,3.315999984741211,3.315999984741211,3.303999900817871,3.328000068664551,3.359999895095825,4.464000225067139,4.455999851226807,4.455999851226807,4.432000160217285,4.400000095367432,inf,inf,inf,inf,inf,inf,inf,inf,inf,inf,inf,inf,inf,inf,4.176000118255615,4.176000118255615,4.168000221252441,4.168000221252441,4.168000221252441,4.159999847412109,4.1519999504089355,4.1519999504089355,4.144000053405762,4.136000156402588,4.136000156402588,4.127999782562256,4.119999885559082,4.111999988555908,4.104000091552734,4.104000091552734,4.111999988555908,4.111999988555908,4.104000091552734,4.104000091552734,4.104000091552734,3.3320000171661377,3.303999900817871,3.308000087738037,3.2239999771118164,3.2239999771118164,3.2119998931884766,3.196000099182129,3.200000047683716,3.2320001125335693,3.2679998874664307,4.059999942779541,4.059999942779541,4.072000026702881,4.084000110626221,4.056000232696533,4.056000232696533,4.0960001945495605,4.0960001945495605,inf,inf,4.111999988555908,4.111999988555908,4.111999988555908,4.111999988555908,4.119999885559082,4.119999885559082,4.136000156402588,4.136000156402588,4.136000156402588,4.1519999504089355,4.159999847412109,inf,4.216000080108643,4.216000080108643,4.199999809265137,4.199999809265137,4.223999977111816,4.223999977111816,4.23199987411499,4.248000144958496,4.25600004196167,4.263999938964844,4.271999835968018,inf,inf,inf,inf,inf,inf,inf,3.8440001010894775,3.8440001010894775,3.7720000743865967,3.747999906539917,3.7239999771118164,3.6760001182556152,3.7920000553131104,4.51200008392334,4.5279998779296875,4.5279998779296875,4.552000045776367,4.567999839782715,4.5920000076293945,4.599999904632568,4.631999969482422,4.639999866485596,4.664000034332275,4.688000202178955,4.711999893188477,4.736000061035156,4.791999816894531,4.776000022888184,4.760000228881836,4.4720001220703125,3.880000114440918,3.880000114440918,4.544000148773193,4.544000148773193,4.535999774932861,inf,inf,inf,inf,inf,inf,inf,inf,inf,inf,inf,2.131999969482422,2.131999969482422,2.140000104904175,4.8480000495910645,4.8480000495910645,4.808000087738037,4.808000087738037,4.760000228881836,4.760000228881836,4.736000061035156,4.736000061035156,inf,inf,inf,inf,3.003999948501587,3.003999948501587,2.992000102996826,2.992000102996826,3.0,5.504000186920166,5.544000148773193,5.544000148773193,5.519999980926514,5.464000225067139,inf,inf,inf,inf,3.128000020980835,3.128000020980835,3.128000020980835,2.9159998893737793,2.9040000438690186,2.8919999599456787,2.888000011444092,2.888000011444092,2.888000011444092,2.8959999084472656,5.423999786376953,5.423999786376953,inf,7.199999809265137,7.199999809265137,7.191999912261963,7.223999977111816,7.216000080108643,7.191999912261963,7.159999847412109,7.159999847412109,7.0879998207092285,7.0879998207092285,5.127999782562256,5.127999782562256,5.039999961853027,4.992000102996826,inf,inf,inf,inf,inf,inf,inf,2.444000005722046,2.444000005722046,2.2880001068115234,2.2880001068115234,2.2160000801086426,2.196000099182129,2.184000015258789,2.1679999828338623,2.1559998989105225,2.135999917984009,0.13199999928474426,2.128000020980835,2.111999988555908,2.1040000915527344,2.0840001106262207,2.0759999752044678,2.059999942779541,2.059999942779541,2.0439999103546143,2.0320000648498535,2.0280001163482666,2.0160000324249268,2.00600004196167,1.9980000257492065,1.9900000095367432,1.9759999513626099,inf,inf,inf,inf,inf,inf,1.944000005722046,1.944000005722046,1.934000015258789,1.9500000476837158,1.9819999933242798,2.0,2.0360000133514404,2.052000045776367,2.0759999752044678,2.115999937057495,2.135999917984009,2.184000015258789,2.2079999446868896,2.252000093460083,2.2760000228881836,2.328000068664551,2.3559999465942383,2.4079999923706055,2.4600000381469727,2.4639999866485596,2.4639999866485596,2.4679999351501465,2.4679999351501465,2.4719998836517334,2.4760000705718994,2.4800000190734863,2.4760000705718994,2.4760000705718994,2.4800000190734863,2.4839999675750732,2.492000102996826,2.492000102996826,2.496000051498413,2.496000051498413,2.51200008392334,2.51200008392334,2.5160000324249268,2.5239999294281006,2.5280001163482666,2.5399999618530273,2.5439999103546143,2.555999994277954,2.559999942779541,2.568000078201294,2.572000026702881,2.5759999752044678,2.5759999752044678,6.392000198364258,6.368000030517578,6.360000133514404,7.0960001945495605,7.104000091552734,7.127999782562256,7.1519999504089355,7.176000118255615,7.1519999504089355,7.223999977111816,7.23199987411499,7.144000053405762,6.9120001792907715,6.863999843597412,inf,inf,inf,inf,inf,inf,inf,inf,inf,7.823999881744385,7.823999881744385,7.639999866485596,7.51200008392334,7.303999900817871,7.311999797821045,7.191999912261963,7.127999782562256,7.039999961853027,7.0,6.880000114440918,6.823999881744385,6.688000202178955,6.624000072479248,6.576000213623047,6.535999774932861,6.423999786376953,6.4079999923706055,2.9519999027252197,2.9519999027252197,2.944000005722046,2.944000005722046,inf,inf,5.895999908447266,5.895999908447266,5.920000076293945,5.960000038146973,5.97599983215332,6.3520002365112305,2.615999937057495,2.615999937057495,inf,inf,3.4519999027252197,3.4519999027252197,3.4560000896453857,inf,inf,inf,inf,inf,inf,inf,inf,1.3240000009536743,1.3240000009536743,1.3140000104904175,1.3140000104904175,1.305999994277954,1.3040000200271606,1.3020000457763672,1.2999999523162842,1.3020000457763672,1.3020000457763672,inf,inf,inf,inf,inf,inf,inf,inf,1.1080000400543213,1.1080000400543213,1.090000033378601,1.0759999752044678,1.0640000104904175,1.0499999523162842,1.0479999780654907,1.0379999876022339,1.0360000133514404,1.0499999523162842,1.0579999685287476,1.0720000267028809,1.0959999561309814,1.8259999752044678,1.8259999752044678,1.8240000009536743,1.8240000009536743,1.8240000009536743,1.8339999914169312,1.8459999561309814,1.8519999980926514,1.8680000305175781,1.8680000305175781,1.8839999437332153,1.8899999856948853,1.8940000534057617,1.8960000276565552,1.8799999952316284,1.8639999628067017,1.8639999628067017,1.8660000562667847,inf,inf,inf,inf,inf,inf,inf,inf,inf,inf,inf,inf,inf,inf,inf,3.7880001068115234,3.7880001068115234,3.7639999389648438,3.7639999389648438,3.700000047683716,3.700000047683716,inf,inf,inf,inf,inf,inf,inf,inf,inf,inf,inf,inf,inf,inf,inf,inf,inf,inf,inf,inf,inf,inf,inf,inf,inf,inf,inf,inf,inf,inf,inf,4.328000068664551,4.328000068664551,5.311999797821045,5.320000171661377,5.328000068664551,5.3520002365112305,2.7920000553131104,2.7920000553131104,inf,inf,3.940000057220459,3.940000057220459,3.9639999866485596,3.9639999866485596,3.9679999351501465,3.9560000896453857,3.9159998893737793,3.9079999923706055,3.931999921798706,3.931999921798706,3.940000057220459,inf,3.191999912261963,3.191999912261963,3.1760001182556152,4.464000225067139,4.432000160217285,4.432000160217285,inf,inf,inf,inf,inf,inf,inf,inf,inf,inf,inf,inf,inf,inf,inf,inf,inf,inf,inf,inf,inf,inf,inf,inf,inf,inf,3.828000068664551,3.828000068664551,3.8559999465942383,4.76800012588501,4.76800012588501,4.76800012588501,4.76800012588501,4.23199987411499,inf,inf,inf,1.2699999809265137,1.2699999809265137,1.2640000581741333,1.2640000581741333,1.2599999904632568,1.253999948501587,1.24399995803833,1.24399995803833,1.2400000095367432,1.2400000095367432,1.2359999418258667,1.2359999418258667,1.2339999675750732,1.2319999933242798,1.2300000190734863,1.2280000448226929,1.2239999771118164,1.2239999771118164,1.222000002861023,1.2200000286102295,1.218000054359436,1.215999960899353,1.215999960899353,1.215999960899353,1.2139999866485596,1.2139999866485596,1.2139999866485596,1.2139999866485596,1.2120000123977661,1.2100000381469727,1.2100000381469727,1.2100000381469727,1.2120000123977661,1.2100000381469727,1.2079999446868896,1.2120000123977661,1.2120000123977661,1.2100000381469727,1.2120000123977661,1.2120000123977661,1.2120000123977661,1.2139999866485596,1.2139999866485596,1.2139999866485596,1.2139999866485596,1.215999960899353,1.218000054359436,1.215999960899353,1.218000054359436,1.218000054359436,1.2239999771118164,1.2300000190734863,1.2380000352859497,1.2400000095367432,1.25,inf,inf,inf,inf,inf,inf,1.149999976158142,1.149999976158142,1.149999976158142,1.149999976158142,1.149999976158142,1.1419999599456787,1.1380000114440918,1.128000020980835,1.121999979019165,1.1100000143051147,1.1039999723434448,1.093999981880188,1.0880000591278076,1.0779999494552612,1.0720000267028809,1.062000036239624,1.055999994277954,1.0479999780654907,1.0440000295639038,1.034000039100647,1.0299999713897705,1.0199999809265137,1.0160000324249268,1.0080000162124634,1.003999948501587,0.9959999918937683,0.9940000176429749,0.9860000014305115,0.9819999933242798,0.9779999852180481,0.9739999771118164,0.9660000205039978,0.9639999866485596,0.9559999704360962,0.9520000219345093,0.9459999799728394,0.9319999814033508,inf,inf,inf,inf,inf,inf,inf,0.9200000166893005,0.9200000166893005,0.9139999747276306,0.9139999747276306,0.906000018119812,0.9020000100135803,0.8939999938011169,0.8920000195503235,0.8899999856948853,0.8799999952316284,0.8939999938011169,0.906000018119812,0.8920000195503235,
-3.1241393089294434,3.1415927410125732,0.008714509196579456,0.15000000596046448,12.0,1696619337299126081,0.921999990940094,0.9240000247955322,0.9300000071525574,0.9340000152587891,0.9399999976158142,0.9419999718666077,0.9480000138282776,0.949999988079071,0.9539999961853027,0.9599999785423279,0.9620000123977661,0.9679999947547913,0.972000002861023,0.9800000190734863,1.0099999904632568,1.0180000066757202,1.0219999551773071,1.0299999713897705,1.034000039100647,1.0420000553131104,1.0460000038146973,1.055999994277954,1.059999942779541,1.0640000104904175,1.0740000009536743,1.0779999494552612,1.0859999656677246,1.090000033378601,1.100000023841858,1.1059999465942383,1.1160000562667847,1.1200000047683716,1.1260000467300415,1.1380000114440918,1.1460000276565552,1.156000018119812,1.1619999408721924,1.1759999990463257,1.1859999895095825,1.1979999542236328,1.2039999961853027,1.218000054359436,inf,inf,inf,inf,inf,inf,inf,inf,inf,inf,inf,inf,inf,4.079999923706055,4.079999923706055,4.047999858856201,4.047999858856201,4.02400016784668,inf,2.4119999408721924,2.4119999408721924,2.4040000438690186,2.4159998893737793,0.13500000536441803,0.13199999928474426,0.13199999928474426,inf,inf,inf,inf,inf,inf,inf,1.8519999980926514,1.8519999980926514,1.8279999494552612,1.8040000200271606,1.7860000133514404,inf,inf,inf,inf,inf,inf,inf,inf,inf,inf,3.252000093460083,3.252000093460083,3.2760000228881836,3.299999952316284,3.3480000495910645,3.359999895095825,4.6479997634887695,4.631999969482422,4.616000175476074,4.552000045776367,inf,inf,inf,inf,2.9839999675750732,2.9839999675750732,inf,inf,inf,inf,inf,inf,inf,inf,4.144000053405762,4.144000053405762,4.127999782562256,4.127999782562256,4.119999885559082,4.119999885559082,4.104000091552734,4.111999988555908,4.104000091552734,4.0960001945495605,4.0960001945495605,4.079999923706055,4.072000026702881,4.067999839782715,4.064000129699707,4.059999942779541,4.052000045776367,4.056000232696533,4.052000045776367,4.044000148773193,4.044000148773193,4.039999961853027,3.247999906539917,3.247999906539917,3.24399995803833,3.171999931335449,3.184000015258789,3.128000020980835,3.124000072479248,3.135999917984009,3.1640000343322754,3.200000047683716,4.01200008392334,4.007999897003174,4.007999897003174,4.015999794006348,inf,4.039999961853027,4.039999961853027,3.996000051498413,inf,4.059999942779541,4.059999942779541,4.059999942779541,4.064000129699707,4.064000129699707,4.067999839782715,4.067999839782715,4.076000213623047,4.076000213623047,4.0879998207092285,4.0879998207092285,4.0960001945495605,4.0960001945495605,inf,4.127999782562256,4.127999782562256,4.136000156402588,inf,4.159999847412109,4.159999847412109,4.176000118255615,4.191999912261963,4.184000015258789,4.199999809265137,inf,inf,inf,inf,inf,inf,inf,inf,3.799999952316284,3.799999952316284,3.7160000801086426,3.680000066757202,3.6440000534057617,3.624000072479248,4.415999889373779,4.415999889373779,4.455999851226807,4.4720001220703125,4.495999813079834,4.51200008392334,4.544000148773193,4.552000045776367,4.584000110626221,4.5920000076293945,4.631999969482422,4.6479997634887695,4.656000137329102,4.679999828338623,4.703999996185303,4.664000034332275,4.423999786376953,4.415999889373779,4.415999889373779,inf,inf,4.480000019073486,4.480000019073486,inf,inf,inf,inf,inf,inf,4.0879998207092285,4.0879998207092285,inf,inf,inf,2.0759999752044678,2.0759999752044678,2.0759999752044678,2.0759999752044678,4.783999919891357,4.783999919891357,4.76800012588501,inf,inf,4.664000034332275,4.664000034332275,4.639999866485596,inf,inf,inf,inf,inf,2.940000057220459,2.940000057220459,2.9240000247955322,2.947999954223633,5.519999980926514,5.519999980926514,5.48799991607666,5.455999851226807,5.271999835968018,5.271999835968018,3.0280001163482666,3.0280001163482666,3.003999948501587,3.003999948501587,2.9839999675750732,2.947999954223633,2.936000108718872,5.047999858856201,5.047999858856201,5.0960001945495605,5.0960001945495605,5.168000221252441,5.248000144958496,5.311999797821045,5.328000068664551,7.248000144958496,7.248000144958496,7.248000144958496,7.208000183105469,7.191999912261963,7.168000221252441,7.136000156402588,7.0879998207092285,7.02400016784668,7.02400016784668,4.9039998054504395,4.9039998054504395,inf,inf,inf,inf,inf,inf,inf,inf,inf,inf,2.503999948501587,2.503999948501587,2.436000108718872,2.2960000038146973,2.2360000610351562,2.1679999828338623,2.1600000858306885,0.13500000536441803,0.13500000536441803,0.13300000131130219,2.115999937057495,2.0959999561309814,2.0880000591278076,2.0840001106262207,2.063999891281128,2.063999891281128,2.055999994277954,2.052000045776367,2.0299999713897705,2.0260000228881836,2.009999990463257,2.002000093460083,1.9919999837875366,1.9759999513626099,inf,inf,inf,inf,inf,inf,1.9459999799728394,1.9459999799728394,1.9240000247955322,1.9199999570846558,1.9119999408721924,1.934000015258789,1.9119999408721924,1.9279999732971191,1.9479999542236328,1.9839999675750732,2.003999948501587,2.0439999103546143,2.063999891281128,2.1080000400543213,2.128000020980835,2.1760001182556152,2.2039999961853027,2.252000093460083,2.2799999713897705,2.303999900817871,2.368000030517578,2.3919999599456787,2.4600000381469727,2.4600000381469727,2.4639999866485596,2.4639999866485596,2.4719998836517334,2.4760000705718994,2.4760000705718994,2.4760000705718994,2.4800000190734863,2.48799991607666,2.492000102996826,2.492000102996826,2.48799991607666,2.48799991607666,2.492000102996826,2.5199999809265137,2.51200008392334,2.5160000324249268,2.5280001163482666,2.5280001163482666,2.5360000133514404,2.5439999103546143,2.552000045776367,2.559999942779541,2.572000026702881,2.572000026702881,2.5799999237060547,2.5840001106262207,inf,7.104000091552734,7.104000091552734,7.136000156402588,7.168000221252441,7.159999847412109,7.176000118255615,6.984000205993652,6.984000205993652,6.8480000495910645,6.760000228881836,inf,inf,inf,inf,inf,inf,inf,inf,inf,inf,inf,7.599999904632568,7.599999904632568,7.383999824523926,7.400000095367432,7.375999927520752,7.3520002365112305,7.168000221252441,7.119999885559082,7.0320000648498535,6.943999767303467,6.840000152587891,6.815999984741211,6.679999828338623,6.639999866485596,6.607999801635742,6.5279998779296875,6.48799991607666,6.415999889373779,inf,2.9719998836517334,2.9719998836517334,2.9600000381469727,2.9719998836517334,inf,5.935999870300293,5.935999870300293,6.0,6.0,6.104000091552734,6.400000095367432,3.7079999446868896,3.7079999446868896,2.640000104904175,inf,inf,inf,inf,inf,inf,inf,inf,inf,inf,inf,inf,inf,inf,1.3580000400543213,1.3580000400543213,1.3519999980926514,1.3480000495910645,1.340000033378601,1.3359999656677246,1.3320000171661377,1.3300000429153442,1.3279999494552612,1.3259999752044678,1.3359999656677246,inf,inf,inf,inf,2.1640000343322754,2.1640000343322754,2.1480000019073486,2.1440000534057617,inf,1.149999976158142,1.149999976158142,1.1200000047683716,1.093999981880188,1.0859999656677246,1.0820000171661377,1.0800000429153442,1.0820000171661377,1.0959999561309814,1.1039999723434448,1.1399999856948853,1.8860000371932983,1.8860000371932983,1.8760000467300415,1.8760000467300415,1.9019999504089355,1.906000018119812,1.9199999570846558,1.9220000505447388,1.9320000410079956,1.944000005722046,1.9500000476837158,1.9520000219345093,1.9539999961853027,1.9240000247955322,1.9199999570846558,1.9220000505447388,1.9240000247955322,inf,inf,inf,inf,inf,inf,inf,inf,inf,inf,inf,inf,inf,inf,inf,inf,inf,inf,inf,inf,inf,inf,inf,inf,inf,inf,inf,inf,inf,inf,inf,inf,inf,inf,inf,inf,inf,inf,inf,inf,inf,inf,inf,inf,inf,inf,inf,inf,4.383999824523926,4.383999824523926,5.383999824523926,5.383999824523926,5.400000095367432,5.400000095367432,5.375999927520752,inf,2.8519999980926514,2.8519999980926514,2.8239998817443848,inf,4.019999980926514,4.019999980926514,4.02400016784668,4.02400016784668,4.015999794006348,4.019999980926514,inf,4.02400016784668,4.02400016784668,4.01200008392334,4.01200008392334,3.240000009536743,3.2320001125335693,3.2320001125335693,4.544000148773193,4.544000148773193,4.504000186920166,inf,inf,inf,inf,inf,inf,inf,inf,inf,inf,inf,inf,inf,inf,inf,inf,inf,inf,inf,inf,inf,inf,inf,inf,inf,inf,3.9159998893737793,3.9159998893737793,3.936000108718872,4.815999984741211,4.823999881744385,4.823999881744385,4.815999984741211,inf,inf,inf,inf,inf,inf,1.315999984741211,1.315999984741211,1.312000036239624,1.2960000038146973,1.2920000553131104,1.2899999618530273,1.2879999876022339,1.284000039100647,1.284000039100647,1.2799999713897705,1.2799999713897705,1.2740000486373901,1.2740000486373901,1.2719999551773071,1.2699999809265137,1.2660000324249268,1.2660000324249268,1.2640000581741333,1.2640000581741333,1.2599999904632568,1.2619999647140503,1.2599999904632568,1.2599999904632568,1.2580000162124634,1.2580000162124634,1.25600004196167,1.25600004196167,1.25600004196167,1.253999948501587,1.253999948501587,1.25600004196167,1.25600004196167,1.253999948501587,1.253999948501587,1.253999948501587,1.253999948501587,1.25600004196167,1.253999948501587,1.25600004196167,1.2580000162124634,1.2580000162124634,1.2580000162124634,1.2580000162124634,1.2599999904632568,1.2599999904632568,1.2619999647140503,1.2619999647140503,1.2619999647140503,1.2640000581741333,1.2740000486373901,1.2799999713897705,1.284000039100647,1.284000039100647,inf,inf,inf,inf,inf,inf,inf,inf,1.1319999694824219,1.1319999694824219,1.128000020980835,1.1239999532699585,1.1180000305175781,1.1100000143051147,1.100000023841858,1.093999981880188,1.0820000171661377,1.0759999752044678,1.065999984741211,1.062000036239624,1.0499999523162842,1.0460000038146973,1.0360000133514404,1.031999945640564,1.0219999551773071,1.0180000066757202,1.0099999904632568,1.00600004196167,0.9980000257492065,0.9940000176429749,0.984000027179718,0.9819999933242798,0.9739999771118164,0.9700000286102295,0.9639999866485596,0.9599999785423279,0.949999988079071,0.9480000138282776,0.9419999718666077,0.9380000233650208,0.9319999814033508,0.9259999990463257,0.9139999747276306,0.9120000004768372,inf,inf,inf,inf,inf,inf,inf,inf,0.9100000262260437,0.9100000262260437,0.9020000100135803,0.8980000019073486,0.8980000019073486,0.9020000100135803,0.9079999923706055,0.9079999923706055,0.9100000262260437,0.9139999747276306,0.9160000085830688,
-3.1241393089294434,3.1415927410125732,0.008714509196579456,0.15000000596046448,12.0,1696619337434255323,0.949999988079071,0.9520000219345093,0.9580000042915344,0.9599999785423279,0.9639999866485596,0.9679999947547913,0.9739999771118164,0.9779999852180481,0.9860000014305115,0.9900000095367432,0.9919999837875366,0.9980000257492065,1.0019999742507935,1.00600004196167,1.0420000553131104,1.0460000038146973,1.0520000457763672,1.0579999685287476,1.0640000104904175,1.0700000524520874,1.0740000009536743,1.0800000429153442,1.0839999914169312,1.093999981880188,1.0959999561309814,1.1059999465942383,1.1119999885559082,1.1200000047683716,1.1260000467300415,1.1380000114440918,1.1419999599456787,1.1540000438690186,1.1619999408721924,1.1740000247955322,1.1779999732971191,1.184000015258789,1.1959999799728394,inf,inf,inf,inf,inf,inf,inf,inf,inf,inf,inf,inf,inf,inf,inf,inf,inf,inf,4.019999980926514,4.019999980926514,inf,2.364000082015991,2.364000082015991,2.364000082015991,2.364000082015991,2.384000062942505,inf,0.13600000739097595,0.13600000739097595,0.13300000131130219,inf,inf,inf,1.8240000009536743,1.8240000009536743,1.8040000200271606,1.8040000200271606,1.7899999618530273,1.784000039100647,1.753999948501587,1.75600004196167,inf,inf,inf,inf,inf,inf,inf,inf,inf,inf,inf,3.2279999256134033,3.2279999256134033,3.2239999771118164,3.2360000610351562,3.2920000553131104,3.312000036239624,4.400000095367432,4.3520002365112305,4.335999965667725,4.303999900817871,inf,inf,inf,inf,inf,inf,inf,inf,inf,inf,inf,inf,inf,inf,inf,4.079999923706055,4.079999923706055,4.079999923706055,4.079999923706055,4.067999839782715,4.064000129699707,4.056000232696533,4.052000045776367,4.035999774932861,4.035999774932861,4.0320000648498535,4.019999980926514,4.01200008392334,4.004000186920166,3.996000051498413,3.996000051498413,3.9839999675750732,3.98799991607666,3.9800000190734863,3.9760000705718994,3.9719998836517334,3.200000047683716,3.184000015258789,3.191999912261963,3.1080000400543213,3.124000072479248,3.1080000400543213,3.0759999752044678,3.072000026702881,3.111999988555908,3.111999988555908,3.1600000858306885,3.9600000381469727,3.9600000381469727,3.9519999027252197,3.9560000896453857,3.9600000381469727,3.9600000381469727,inf,inf,3.9719998836517334,3.9719998836517334,3.9800000190734863,3.9800000190734863,3.9839999675750732,3.98799991607666,4.0,4.004000186920166,4.01200008392334,4.01200008392334,4.02400016784668,4.0279998779296875,4.044000148773193,4.035999774932861,4.067999839782715,4.067999839782715,4.076000213623047,4.076000213623047,3.431999921798706,3.431999921798706,4.0960001945495605,4.104000091552734,4.119999885559082,4.127999782562256,4.144000053405762,inf,inf,inf,inf,inf,inf,inf,inf,3.7119998931884766,3.7119998931884766,3.6440000534057617,3.6440000534057617,3.572000026702881,3.5480000972747803,3.6600000858306885,3.6600000858306885,4.383999824523926,4.392000198364258,4.415999889373779,4.440000057220459,4.447999954223633,4.480000019073486,4.495999813079834,4.519999980926514,4.5279998779296875,4.559999942779541,4.567999839782715,4.607999801635742,4.624000072479248,4.6479997634887695,4.599999904632568,4.343999862670898,4.320000171661377,inf,3.752000093460083,3.752000093460083,4.400000095367432,4.400000095367432,inf,inf,inf,inf,inf,inf,inf,inf,5.480000019073486,5.480000019073486,inf,5.4720001220703125,5.4720001220703125,4.535999774932861,2.0260000228881836,2.0260000228881836,inf,4.9679999351501465,4.9679999351501465,inf,inf,inf,inf,inf,inf,inf,inf,5.927999973297119,5.927999973297119,2.871999979019165,2.875999927520752,2.875999927520752,inf,3.180000066757202,3.180000066757202,3.1760001182556152,3.1760001182556152,3.1559998989105225,3.1480000019073486,3.1440000534057617,inf,3.0920000076293945,3.0920000076293945,3.063999891281128,3.0399999618530273,3.0320000648498535,3.0360000133514404,5.047999858856201,5.047999858856201,5.072000026702881,5.159999847412109,5.328000068664551,5.328000068664551,5.447999954223633,5.447999954223633,7.144000053405762,7.144000053405762,7.168000221252441,7.168000221252441,7.056000232696533,7.056000232696533,6.671999931335449,6.671999931335449,6.688000202178955,inf,inf,inf,inf,inf,inf,inf,inf,6.823999881744385,6.823999881744385,inf,2.7079999446868896,2.7079999446868896,2.635999917984009,2.496000051498413,2.431999921798706,2.308000087738037,2.247999906539917,2.1559998989105225,0.13300000131130219,2.135999917984009,2.115999937057495,2.1080000400543213,2.0959999561309814,2.0759999752044678,2.063999891281128,2.059999942779541,2.052000045776367,2.0339999198913574,2.0299999713897705,2.0260000228881836,2.009999990463257,2.0,1.9919999837875366,inf,inf,inf,inf,inf,1.9539999961853027,1.9539999961853027,1.937999963760376,1.9259999990463257,1.9199999570846558,1.9140000343322754,1.9140000343322754,1.909999966621399,1.9040000438690186,1.8919999599456787,1.8940000534057617,1.909999966621399,1.9240000247955322,1.9459999799728394,1.968000054359436,2.007999897003174,2.0280001163482666,2.052000045776367,2.0959999561309814,2.119999885559082,2.171999931335449,2.200000047683716,2.252000093460083,2.2839999198913574,2.3399999141693115,2.375999927520752,2.3919999599456787,2.444000005722046,2.447999954223633,2.4519999027252197,2.4560000896453857,2.4560000896453857,2.4600000381469727,2.4679999351501465,2.4679999351501465,2.4719998836517334,2.4800000190734863,2.4839999675750732,2.4839999675750732,2.4839999675750732,2.492000102996826,2.5,2.51200008392334,2.5160000324249268,2.5160000324249268,2.5280001163482666,2.5320000648498535,2.552000045776367,2.559999942779541,2.563999891281128,2.568000078201294,2.572000026702881,2.5799999237060547,2.5840001106262207,7.119999885559082,7.119999885559082,7.136000156402588,7.144000053405762,7.176000118255615,6.880000114440918,6.783999919891357,6.783999919891357,inf,inf,inf,inf,inf,inf,inf,inf,inf,inf,inf,inf,7.447999954223633,7.447999954223633,7.383999824523926,7.375999927520752,7.3520002365112305,7.328000068664551,7.303999900817871,7.136000156402588,7.119999885559082,7.02400016784668,6.960000038146973,6.863999843597412,6.800000190734863,6.711999893188477,6.656000137329102,6.576000213623047,6.5279998779296875,6.447999954223633,6.423999786376953,6.1519999504089355,3.01200008392334,inf,2.98799991607666,2.98799991607666,inf,inf,6.064000129699707,6.064000129699707,6.368000030517578,6.368000030517578,6.392000198364258,3.7119998931884766,3.7160000801086426,3.7160000801086426,inf,inf,inf,inf,inf,inf,inf,inf,inf,inf,5.25600004196167,5.25600004196167,5.23199987411499,5.23199987411499,5.223999977111816,5.199999809265137,inf,1.3980000019073486,1.3980000019073486,1.3919999599456787,1.3760000467300415,1.3700000047683716,1.3600000143051147,1.3559999465942383,1.3519999980926514,1.3480000495910645,1.3539999723434448,1.3799999952316284,2.200000047683716,2.200000047683716,2.200000047683716,2.200000047683716,2.196000099182129,2.196000099182129,2.2239999771118164,inf,inf,1.2020000219345093,1.2020000219345093,1.1640000343322754,1.1519999504089355,1.1360000371932983,1.1319999694824219,1.1299999952316284,1.1339999437332153,1.149999976158142,1.1619999408721924,1.1859999895095825,1.9520000219345093,1.9520000219345093,1.9559999704360962,1.968000054359436,1.9780000448226929,1.9839999675750732,1.9900000095367432,1.9980000257492065,2.0,2.0,1.9900000095367432,1.9780000448226929,1.9800000190734863,1.9859999418258667,inf,inf,inf,inf,inf,inf,inf,inf,inf,inf,inf,inf,inf,3.808000087738037,3.808000087738037,3.8320000171661377,3.8320000171661377,3.8399999141693115,inf,inf,inf,inf,inf,inf,inf,inf,inf,inf,inf,inf,inf,inf,inf,inf,inf,inf,inf,inf,inf,inf,inf,inf,inf,inf,inf,inf,inf,4.4720001220703125,4.4720001220703125,inf,5.4079999923706055,5.4079999923706055,5.432000160217285,2.9040000438690186,2.9040000438690186,2.888000011444092,2.888000011444092,2.9079999923706055,inf,4.072000026702881,4.072000026702881,4.067999839782715,4.067999839782715,4.072000026702881,inf,inf,4.104000091552734,4.104000091552734,4.0879998207092285,4.072000026702881,3.3320000171661377,3.319999933242798,4.607999801635742,4.607999801635742,4.567999839782715,inf,inf,inf,inf,inf,inf,inf,inf,inf,inf,inf,inf,inf,inf,inf,inf,inf,inf,inf,inf,inf,inf,inf,inf,inf,inf,inf,inf,inf,4.855999946594238,4.855999946594238,4.872000217437744,1.3660000562667847,1.3660000562667847,1.3519999980926514,1.3459999561309814,1.3539999723434448,inf,1.3619999885559082,1.3619999885559082,1.3580000400543213,1.3539999723434448,1.3480000495910645,1.3359999656677246,1.3359999656677246,1.3339999914169312,1.3279999494552612,1.3279999494552612,1.3240000009536743,1.3220000267028809,1.3200000524520874,1.3179999589920044,1.3140000104904175,1.312000036239624,1.312000036239624,1.309999942779541,1.3079999685287476,1.3079999685287476,1.3040000200271606,1.3040000200271606,1.3040000200271606,1.3020000457763672,1.2999999523162842,1.3020000457763672,1.2999999523162842,1.2979999780654907,1.2979999780654907,1.2960000038146973,1.2960000038146973,1.2960000038146973,1.2960000038146973,1.2960000038146973,1.2960000038146973,1.2960000038146973,1.2960000038146973,1.2960000038146973,1.2960000038146973,1.2960000038146973,1.2979999780654907,1.2979999780654907,1.2999999523162842,1.2999999523162842,1.2999999523162842,1.2999999523162842,1.3040000200271606,1.3040000200271606,1.3040000200271606,1.2960000038146973,1.281999945640564,1.2740000486373901,1.2619999647140503,1.2580000162124634,inf,inf,inf,inf,inf,inf,inf,1.1080000400543213,1.1080000400543213,1.1080000400543213,1.1059999465942383,1.1039999723434448,1.0959999561309814,1.0920000076293945,1.0800000429153442,1.0740000009536743,1.062000036239624,1.0520000457763672,1.0460000038146973,1.0420000553131104,1.0299999713897705,1.0260000228881836,1.0180000066757202,1.0080000162124634,1.003999948501587,1.0,0.9919999837875366,0.9860000014305115,0.9779999852180481,0.9679999947547913,0.9660000205039978,0.9580000042915344,0.9539999961853027,0.9520000219345093,0.9459999799728394,0.9419999718666077,0.9399999976158142,0.9319999814033508,0.9300000071525574,0.921999990940094,0.9179999828338623,0.9120000004768372,0.8960000276565552,inf,inf,inf,inf,inf,inf,inf,inf,0.9340000152587891,0.9340000152587891,0.9279999732971191,0.9240000247955322,0.9240000247955322,0.9259999990463257,0.9279999732971191,0.9340000152587891,0.9359999895095825,0.9399999976158142,0.9419999718666077,0.9480000138282776,
-3.1241393089294434,3.1415927410125732,0.008714509196579456,0.15000000596046448,12.0,1696619337581565863,0.9779999852180481,0.984000027179718,0.9860000014305115,0.9900000095367432,0.9940000176429749,0.9959999918937683,1.0,1.00600004196167,1.0099999904632568,1.0160000324249268,1.0199999809265137,1.0260000228881836,1.0299999713897705,1.034000039100647,1.065999984741211,1.0700000524520874,1.0779999494552612,1.0820000171661377,1.0880000591278076,1.0920000076293945,1.1019999980926514,1.1059999465942383,1.1160000562667847,1.1200000047683716,1.1299999952316284,1.1360000371932983,1.1419999599456787,1.156000018119812,1.159999966621399,1.1679999828338623,1.1699999570846558,inf,inf,inf,inf,inf,inf,1.4739999771118164,1.4739999771118164,inf,inf,inf,inf,1.4539999961853027,1.4539999961853027,1.4559999704360962,1.4559999704360962,inf,inf,inf,inf,inf,inf,inf,inf,inf,2.3440001010894775,2.3440001010894775,2.3320000171661377,2.3399999141693115,2.3559999465942383,inf,inf,0.13600000739097595,0.13600000739097595,0.13500000536441803,0.13199999928474426,inf,1.7580000162124634,1.7580000162124634,1.753999948501587,1.753999948501587,1.7380000352859497,1.715999960899353,inf,inf,inf,inf,inf,inf,inf,inf,inf,inf,inf,inf,inf,3.187999963760376,3.187999963760376,3.200000047683716,3.200000047683716,3.2160000801086426,3.2799999713897705,4.3520002365112305,4.3520002365112305,4.320000171661377,4.311999797821045,4.271999835968018,inf,inf,inf,2.884000062942505,2.884000062942505,2.875999927520752,2.875999927520752,2.9079999923706055,2.8440001010894775,2.871999979019165,2.875999927520752,inf,inf,inf,inf,inf,inf,inf,4.019999980926514,4.019999980926514,4.007999897003174,4.0,3.992000102996826,3.992000102996826,3.9719998836517334,3.9639999866485596,3.9560000896453857,3.9519999027252197,3.936000108718872,3.931999921798706,3.927999973297119,3.927999973297119,3.9200000762939453,3.9119999408721924,3.9079999923706055,3.9079999923706055,3.9040000438690186,3.135999917984009,3.140000104904175,3.115999937057495,3.059999942779541,3.068000078201294,3.0239999294281006,3.01200008392334,3.0239999294281006,3.0480000972747803,3.0840001106262207,3.9040000438690186,3.8919999599456787,3.8919999599456787,3.880000114440918,3.9079999923706055,3.7320001125335693,3.868000030517578,3.888000011444092,2.507999897003174,3.927999973297119,3.927999973297119,3.9079999923706055,3.9119999408721924,3.9159998893737793,3.9159998893737793,3.9200000762939453,3.9240000247955322,3.931999921798706,3.936000108718872,3.947999954223633,3.9519999027252197,3.9679999351501465,3.9679999351501465,3.992000102996826,3.992000102996826,4.007999897003174,4.007999897003174,4.047999858856201,4.047999858856201,4.02400016784668,4.02400016784668,4.039999961853027,4.056000232696533,4.076000213623047,4.076000213623047,inf,inf,inf,inf,inf,inf,inf,inf,inf,3.640000104904175,3.640000104904175,3.5439999103546143,3.5239999294281006,3.4839999675750732,3.619999885559082,4.320000171661377,4.320000171661377,4.343999862670898,4.3520002365112305,4.383999824523926,4.392000198364258,4.432000160217285,4.440000057220459,4.464000225067139,4.480000019073486,4.504000186920166,4.519999980926514,4.552000045776367,4.584000110626221,4.607999801635742,4.576000213623047,4.584000110626221,4.263999938964844,4.248000144958496,inf,4.303999900817871,4.303999900817871,inf,inf,inf,inf,inf,inf,4.039999961853027,4.039999961853027,inf,inf,inf,inf,4.4079999923706055,4.4079999923706055,inf,1.9700000286102295,1.9700000286102295,1.965999960899353,4.927999973297119,4.927999973297119,4.935999870300293,5.007999897003174,inf,inf,inf,inf,3.308000087738037,3.308000087738037,3.2760000228881836,3.2760000228881836,3.252000093460083,2.8480000495910645,2.828000068664551,2.8399999141693115,5.311999797821045,5.311999797821045,5.263999938964844,5.271999835968018,5.25600004196167,5.119999885559082,5.119999885559082,5.159999847412109,3.0439999103546143,3.0439999103546143,3.0320000648498535,3.0160000324249268,2.98799991607666,2.98799991607666,2.996000051498413,5.0320000648498535,5.0320000648498535,5.064000129699707,5.199999809265137,5.447999954223633,5.447999954223633,5.432000160217285,7.136000156402588,7.136000156402588,7.0960001945495605,7.111999988555908,7.047999858856201,6.920000076293945,6.920000076293945,inf,inf,inf,inf,inf,inf,inf,inf,7.015999794006348,7.015999794006348,6.631999969482422,6.631999969482422,6.576000213623047,inf,2.684000015258789,2.684000015258789,2.619999885559082,2.559999942779541,2.431999921798706,2.375999927520752,0.13199999928474426,2.1679999828338623,2.135999917984009,2.124000072479248,2.0999999046325684,2.0880000591278076,2.0759999752044678,2.072000026702881,2.059999942779541,2.052000045776367,2.0399999618530273,2.0260000228881836,2.0199999809265137,2.01200008392334,inf,inf,inf,inf,inf,inf,1.9639999866485596,1.9639999866485596,1.9459999799728394,1.940000057220459,1.9259999990463257,1.9220000505447388,1.9140000343322754,1.9119999408721924,1.9040000438690186,1.9019999504089355,1.8919999599456787,1.8880000114440918,1.8799999952316284,1.8760000467300415,1.8580000400543213,1.8600000143051147,1.909999966621399,1.9299999475479126,1.9539999961853027,1.99399995803833,2.0179998874664307,2.068000078201294,2.0920000076293945,2.1440000534057617,2.171999931335449,2.2279999256134033,2.259999990463257,2.2920000553131104,2.359999895095825,2.3919999599456787,2.4000000953674316,2.431999921798706,2.444000005722046,2.444000005722046,2.447999954223633,2.4519999027252197,2.4639999866485596,2.4639999866485596,2.4760000705718994,2.4839999675750732,2.4800000190734863,2.4800000190734863,2.4839999675750732,2.48799991607666,2.492000102996826,2.51200008392334,2.5280001163482666,2.5280001163482666,2.5280001163482666,2.5360000133514404,2.5399999618530273,2.559999942779541,2.5759999752044678,2.5759999752044678,2.5799999237060547,2.5959999561309814,2.6040000915527344,7.1519999504089355,7.1519999504089355,7.0320000648498535,6.855999946594238,inf,inf,inf,inf,inf,inf,inf,inf,inf,inf,inf,inf,inf,inf,inf,7.432000160217285,7.432000160217285,7.360000133514404,7.335999965667725,7.375999927520752,7.335999965667725,7.23199987411499,7.176000118255615,7.015999794006348,6.97599983215332,6.895999908447266,6.8480000495910645,6.703999996185303,6.679999828338623,6.607999801635742,6.567999839782715,6.5279998779296875,6.4720001220703125,6.4079999923706055,6.191999912261963,6.119999885559082,3.0399999618530273,3.0399999618530273,3.0239999294281006,3.0320000648498535,3.4079999923706055,inf,inf,inf,inf,inf,inf,inf,inf,inf,inf,inf,inf,inf,inf,inf,inf,inf,inf,5.216000080108643,5.216000080108643,5.216000080108643,5.263999938964844,5.263999938964844,5.25600004196167,inf,inf,inf,inf,inf,1.4220000505447388,1.4220000505447388,1.4079999923706055,1.3860000371932983,1.378000020980835,1.3660000562667847,1.3580000400543213,1.3559999465942383,1.3760000467300415,1.3919999599456787,1.406000018119812,inf,inf,inf,inf,inf,inf,inf,1.2300000190734863,1.2300000190734863,1.2139999866485596,1.2000000476837158,1.184000015258789,1.1779999732971191,1.1799999475479126,1.187999963760376,1.2020000219345093,1.2120000123977661,1.2319999933242798,2.01200008392334,2.01200008392334,2.0160000324249268,2.0299999713897705,2.0439999103546143,2.0480000972747803,2.055999994277954,2.059999942779541,2.0480000972747803,2.0360000133514404,2.0360000133514404,2.0399999618530273,inf,inf,inf,inf,inf,inf,inf,inf,inf,inf,inf,inf,inf,3.864000082015991,3.864000082015991,3.868000030517578,inf,inf,inf,inf,inf,inf,inf,inf,inf,inf,inf,inf,inf,inf,inf,inf,inf,inf,inf,inf,inf,inf,inf,inf,inf,inf,inf,inf,inf,inf,inf,5.5279998779296875,5.5279998779296875,inf,inf,2.9679999351501465,2.9679999351501465,4.208000183105469,4.208000183105469,inf,inf,4.1519999504089355,4.1519999504089355,4.136000156402588,4.136000156402588,4.127999782562256,4.104000091552734,4.104000091552734,4.127999782562256,4.127999782562256,4.127999782562256,4.127999782562256,3.371999979019165,3.359999895095825,3.375999927520752,4.688000202178955,4.656000137329102,inf,inf,inf,inf,inf,inf,inf,inf,inf,inf,inf,inf,inf,inf,inf,inf,inf,inf,inf,inf,inf,inf,inf,inf,inf,inf,inf,inf,inf,inf,1.4199999570846558,1.4199999570846558,1.409999966621399,1.409999966621399,1.4019999504089355,1.3980000019073486,1.4119999408721924,inf,1.4179999828338623,1.4179999828338623,1.4040000438690186,1.3980000019073486,1.3899999856948853,1.3819999694824219,1.3819999694824219,1.3760000467300415,1.3739999532699585,1.3700000047683716,1.3680000305175781,1.3660000562667847,1.3639999628067017,1.3600000143051147,1.3600000143051147,1.3559999465942383,1.3559999465942383,1.3539999723434448,1.350000023841858,1.3519999980926514,1.3480000495910645,1.3480000495910645,1.3459999561309814,1.3459999561309814,1.343999981880188,1.343999981880188,1.3420000076293945,1.3420000076293945,1.340000033378601,1.340000033378601,1.340000033378601,1.340000033378601,1.340000033378601,1.340000033378601,1.3380000591278076,1.340000033378601,1.340000033378601,1.340000033378601,1.3420000076293945,1.340000033378601,1.340000033378601,1.3420000076293945,1.3420000076293945,1.343999981880188,1.3339999914169312,1.3200000524520874,1.3200000524520874,1.2999999523162842,1.2899999618530273,1.2719999551773071,1.2640000581741333,1.25,1.24399995803833,1.2359999418258667,inf,inf,inf,inf,inf,inf,inf,1.0920000076293945,1.0920000076293945,1.0880000591278076,1.0859999656677246,1.0800000429153442,1.0759999752044678,1.065999984741211,1.062000036239624,1.0499999523162842,1.0440000295639038,1.034000039100647,1.0299999713897705,1.0180000066757202,1.0140000581741333,1.003999948501587,0.9980000257492065,0.9879999756813049,0.984000027179718,0.9760000109672546,0.972000002861023,0.9639999866485596,0.9620000123977661,0.9559999704360962,0.9520000219345093,0.9440000057220459,0.9359999895095825,0.9319999814033508,0.9240000247955322,0.921999990940094,0.9179999828338623,0.9100000262260437,0.9259999990463257,0.9279999732971191,0.9139999747276306,0.9079999923706055,0.9020000100135803,inf,inf,inf,inf,inf,inf,inf,inf,0.9580000042915344,0.9580000042915344,0.9539999961853027,0.9539999961853027,0.9520000219345093,0.9539999961853027,0.9559999704360962,0.9599999785423279,0.9620000123977661,0.9639999866485596,0.9679999947547913,0.9739999771118164,
-3.1241393089294434,3.1415927410125732,0.008714509196579456,0.15000000596046448,12.0,1696619337716606957,1.00600004196167,1.0099999904632568,1.0119999647140503,1.0160000324249268,1.0180000066757202,1.0260000228881836,1.027999997138977,1.034000039100647,1.0379999876022339,1.0440000295639038,1.0479999780654907,1.055999994277954,1.059999942779541,1.0640000104904175,1.0920000076293945,1.0959999561309814,1.1019999980926514,1.1080000400543213,1.1160000562667847,1.121999979019165,1.1319999694824219,1.1399999856948853,1.1440000534057617,1.149999976158142,1.156000018119812,1.1640000343322754,inf,5.76800012588501,5.76800012588501,5.791999816894531,5.791999816894531,5.823999881744385,inf,inf,inf,inf,inf,inf,inf,inf,1.4479999542236328,1.4479999542236328,1.4320000410079956,inf,inf,inf,inf,inf,inf,inf,inf,inf,inf,inf,inf,2.303999900817871,2.303999900817871,2.308000087738037,2.328000068664551,3.9240000247955322,3.9240000247955322,inf,0.13600000739097595,0.13600000739097595,0.1340000033378601,0.1340000033378601,1.746000051498413,0.13199999928474426,1.7280000448226929,1.7020000219345093,1.6799999475479126,inf,inf,inf,inf,2.8480000495910645,2.8480000495910645,inf,inf,inf,inf,inf,inf,inf,inf,inf,inf,inf,3.1600000858306885,3.1600000858306885,3.180000066757202,3.2200000286102295,4.320000171661377,4.303999900817871,4.288000106811523,4.25600004196167,inf,inf,inf,inf,inf,inf,inf,inf,inf,inf,inf,inf,inf,inf,inf,inf,inf,inf,3.9560000896453857,3.9560000896453857,3.9519999027252197,3.9519999027252197,3.936000108718872,3.927999973297119,3.9200000762939453,3.9119999408721924,3.9079999923706055,3.9040000438690186,3.8959999084472656,3.8919999599456787,3.884000062942505,3.880000114440918,3.871999979019165,3.868000030517578,3.864000082015991,3.864000082015991,3.859999895095825,3.864000082015991,3.0959999561309814,3.0959999561309814,3.0759999752044678,2.98799991607666,2.996000051498413,2.996000051498413,2.9639999866485596,2.9560000896453857,2.9639999866485596,2.9800000190734863,3.0160000324249268,3.8399999141693115,3.8399999141693115,3.8239998817443848,3.8320000171661377,3.8320000171661377,inf,3.8239998817443848,3.8239998817443848,2.4519999027252197,inf,3.859999895095825,3.859999895095825,3.8559999465942383,3.859999895095825,3.864000082015991,3.864000082015991,3.868000030517578,3.871999979019165,3.884000062942505,3.884000062942505,3.888000011444092,3.8919999599456787,3.8959999084472656,inf,3.936000108718872,3.936000108718872,3.9240000247955322,3.936000108718872,3.9639999866485596,3.9639999866485596,3.9679999351501465,3.9800000190734863,3.992000102996826,4.0,4.01200008392334,inf,inf,inf,inf,inf,inf,inf,inf,inf,3.6080000400543213,3.6080000400543213,3.5320000648498535,3.4839999675750732,3.4560000896453857,3.4519999027252197,3.507999897003174,4.263999938964844,4.271999835968018,4.271999835968018,4.303999900817871,4.320000171661377,4.335999965667725,4.335999965667725,4.375999927520752,4.383999824523926,4.432000160217285,4.447999954223633,4.455999851226807,4.480000019073486,4.5279998779296875,4.535999774932861,4.248000144958496,4.248000144958496,4.23199987411499,inf,4.25600004196167,4.25600004196167,inf,inf,inf,inf,inf,inf,inf,inf,3.9119999408721924,3.9119999408721924,inf,inf,inf,inf,inf,4.335999965667725,4.335999965667725,4.320000171661377,1.9119999408721924,1.9119999408721924,inf,4.960000038146973,4.960000038146973,4.519999980926514,4.504000186920166,3.1760001182556152,3.1600000858306885,3.1600000858306885,3.1519999504089355,3.1760001182556152,3.1760001182556152,inf,2.7720000743865967,2.7720000743865967,2.759999990463257,2.759999990463257,2.7839999198913574,inf,inf,inf,inf,inf,inf,3.01200008392334,3.01200008392334,2.98799991607666,2.98799991607666,2.947999954223633,2.944000005722046,2.9600000381469727,4.935999870300293,4.960000038146973,4.960000038146973,5.199999809265137,5.199999809265137,5.176000118255615,7.111999988555908,7.1519999504089355,7.1519999504089355,7.127999782562256,7.119999885559082,7.056000232696533,inf,inf,inf,inf,inf,inf,inf,inf,6.927999973297119,6.927999973297119,6.783999919891357,6.783999919891357,6.679999828338623,6.584000110626221,6.51200008392334,6.495999813079834,0.13500000536441803,0.13500000536441803,2.628000020980835,0.1340000033378601,2.572000026702881,0.13300000131130219,2.4000000953674316,2.3480000495910645,2.247999906539917,2.2039999961853027,2.124000072479248,2.0999999046325684,2.0799999237060547,2.072000026702881,2.059999942779541,2.055999994277954,2.0339999198913574,2.0220000743865967,2.009999990463257,2.002000093460083,inf,inf,inf,inf,inf,1.9620000123977661,1.9620000123977661,1.9459999799728394,1.940000057220459,1.9359999895095825,1.9259999990463257,1.9179999828338623,1.9119999408721924,1.9140000343322754,1.906000018119812,1.899999976158142,1.8940000534057617,1.8860000371932983,1.8799999952316284,1.8760000467300415,1.8700000047683716,1.8660000562667847,1.8619999885559082,1.8600000143051147,1.8480000495910645,1.878000020980835,1.9040000438690186,1.9479999542236328,1.972000002861023,2.0179998874664307,2.0439999103546143,2.0999999046325684,2.131999969482422,2.191999912261963,2.2200000286102295,2.25600004196167,2.3239998817443848,2.364000082015991,2.4240000247955322,2.4240000247955322,2.431999921798706,2.436000108718872,2.444000005722046,2.447999954223633,2.4639999866485596,2.4679999351501465,2.4679999351501465,2.4719998836517334,2.4760000705718994,2.48799991607666,2.492000102996826,2.492000102996826,2.492000102996826,2.507999897003174,2.5160000324249268,2.5360000133514404,2.5399999618530273,2.5399999618530273,2.5439999103546143,2.559999942779541,2.563999891281128,2.5759999752044678,2.5840001106262207,2.5999999046325684,2.611999988555908,inf,inf,inf,inf,inf,inf,inf,inf,inf,inf,8.112000465393066,8.112000465393066,8.008000373840332,inf,inf,inf,inf,inf,7.423999786376953,7.423999786376953,7.415999889373779,7.4079999923706055,7.360000133514404,7.28000020980835,7.248000144958496,7.0879998207092285,7.079999923706055,6.960000038146973,6.9120001792907715,6.800000190734863,6.751999855041504,6.616000175476074,6.5920000076293945,6.519999980926514,6.495999813079834,inf,6.199999809265137,6.199999809265137,6.127999782562256,6.039999961853027,3.068000078201294,3.068000078201294,3.068000078201294,3.4719998836517334,inf,inf,inf,inf,inf,inf,inf,inf,inf,inf,inf,inf,inf,inf,6.119999885559082,6.119999885559082,inf,inf,5.335999965667725,5.335999965667725,5.320000171661377,5.320000171661377,5.25600004196167,4.679999828338623,4.631999969482422,4.631999969482422,4.639999866485596,5.271999835968018,5.271999835968018,inf,inf,1.4579999446868896,1.4579999446868896,1.4320000410079956,1.4320000410079956,1.4179999828338623,1.4040000438690186,1.3919999599456787,1.3919999599456787,1.399999976158142,1.4040000438690186,1.4220000505447388,1.4279999732971191,inf,inf,inf,inf,inf,inf,1.2760000228881836,1.2760000228881836,1.2580000162124634,1.246000051498413,1.2280000448226929,1.2259999513626099,1.2319999933242798,1.2400000095367432,1.2580000162124634,1.2719999551773071,inf,2.0840001106262207,2.0840001106262207,2.0959999561309814,2.1080000400543213,2.1080000400543213,2.1080000400543213,2.0920000076293945,2.0880000591278076,2.0959999561309814,2.0959999561309814,inf,inf,inf,inf,inf,inf,inf,inf,inf,inf,inf,inf,inf,inf,inf,inf,inf,inf,inf,inf,inf,inf,inf,inf,inf,inf,inf,inf,inf,inf,inf,inf,inf,inf,inf,inf,inf,3.8320000171661377,3.8320000171661377,inf,inf,inf,inf,inf,4.576000213623047,4.576000213623047,5.5920000076293945,5.5920000076293945,5.567999839782715,5.567999839782715,3.0360000133514404,3.01200008392334,3.01200008392334,4.300000190734863,4.300000190734863,inf,4.208000183105469,4.208000183105469,4.208000183105469,4.216000080108643,4.191999912261963,4.208000183105469,4.191999912261963,4.191999912261963,4.184000015258789,inf,3.431999921798706,3.431999921798706,4.736000061035156,4.736000061035156,4.728000164031982,inf,inf,inf,inf,inf,inf,inf,inf,inf,inf,inf,inf,inf,inf,inf,inf,inf,inf,inf,inf,inf,inf,inf,inf,inf,4.104000091552734,4.104000091552734,inf,1.4900000095367432,1.4900000095367432,1.4819999933242798,1.4759999513626099,1.472000002861023,1.4579999446868896,1.4520000219345093,1.444000005722046,1.4479999542236328,inf,1.4500000476837158,1.4500000476837158,1.4459999799728394,1.4459999799728394,1.437999963760376,1.4259999990463257,1.4240000247955322,1.4199999570846558,1.4179999828338623,1.4160000085830688,1.4140000343322754,1.409999966621399,1.409999966621399,1.406000018119812,1.4040000438690186,1.399999976158142,1.3980000019073486,1.3960000276565552,1.3960000276565552,1.3940000534057617,1.3919999599456787,1.3899999856948853,1.3880000114440918,1.3880000114440918,1.3860000371932983,1.3839999437332153,1.3839999437332153,1.3839999437332153,1.3819999694824219,1.3819999694824219,1.3819999694824219,1.3799999952316284,1.3819999694824219,1.3799999952316284,1.3799999952316284,1.3799999952316284,1.3819999694824219,1.3799999952316284,1.3819999694824219,1.3819999694824219,1.371999979019165,1.3559999465942383,1.3459999561309814,1.3339999914169312,1.3240000009536743,1.2999999523162842,1.2799999713897705,1.2699999809265137,1.2519999742507935,1.24399995803833,1.2359999418258667,1.222000002861023,1.2120000123977661,1.2079999446868896,inf,inf,inf,inf,inf,inf,1.059999942779541,1.059999942779541,1.059999942779541,1.059999942779541,1.0579999685287476,1.055999994277954,1.0479999780654907,1.0420000553131104,1.031999945640564,1.0260000228881836,1.0160000324249268,1.0099999904632568,1.0,0.9940000176429749,0.9879999756813049,0.984000027179718,0.9760000109672546,0.972000002861023,0.9639999866485596,0.9580000042915344,0.949999988079071,0.9440000057220459,0.9359999895095825,0.9319999814033508,0.921999990940094,0.9440000057220459,0.9319999814033508,0.9300000071525574,0.9300000071525574,0.9319999814033508,0.9340000152587891,0.9359999895095825,0.9359999895095825,0.9380000233650208,0.9380000233650208,0.9359999895095825,0.9319999814033508,inf,inf,inf,inf,inf,inf,inf,inf,0.9879999756813049,0.9879999756813049,0.9819999933242798,0.9819999933242798,0.9800000190734863,0.9800000190734863,0.9860000014305115,0.9879999756813049,0.9919999837875366,0.9940000176429749,0.9980000257492065,1.0,
-3.1241393089294434,3.1415927410125732,0.008714509196579456,0.15000000596046448,12.0,1696619337851787440,1.0299999713897705,1.034000039100647,1.0379999876022339,1.0420000553131104,1.0479999780654907,1.0520000457763672,1.0540000200271606,1.059999942779541,1.062000036239624,1.065999984741211,1.0720000267028809,1.0759999752044678,1.0820000171661377,1.0839999914169312,1.1260000467300415,1.1339999437332153,1.1360000371932983,1.1399999856948853,1.1460000276565552,inf,inf,8.86400032043457,8.86400032043457,8.95199966430664,8.97599983215332,9.0,9.039999961853027,5.783999919891357,5.783999919891357,inf,inf,inf,inf,inf,inf,1.4160000085830688,1.4160000085830688,1.4119999408721924,1.4119999408721924,inf,inf,inf,inf,inf,inf,inf,inf,5.136000156402588,5.136000156402588,inf,inf,inf,inf,inf,inf,inf,inf,3.875999927520752,3.875999927520752,3.884000062942505,inf,inf,1.6959999799728394,1.6959999799728394,1.684000015258789,1.684000015258789,0.1340000033378601,0.13199999928474426,inf,inf,inf,inf,inf,inf,inf,inf,inf,2.8320000171661377,2.8320000171661377,inf,inf,inf,inf,inf,inf,inf,inf,3.200000047683716,3.200000047683716,inf,4.4720001220703125,4.4720001220703125,4.464000225067139,4.455999851226807,4.423999786376953,4.383999824523926,inf,inf,inf,inf,inf,inf,inf,inf,inf,inf,inf,inf,inf,inf,inf,inf,3.884000062942505,3.884000062942505,4.059999942779541,4.059999942779541,4.052000045776367,4.004000186920166,3.9600000381469727,3.8919999599456787,3.880000114440918,3.864000082015991,3.859999895095825,3.8519999980926514,3.8480000495910645,3.8440001010894775,3.8359999656677246,3.828000068664551,3.8239998817443848,3.828000068664551,3.819999933242798,3.812000036239624,3.815999984741211,3.7880001068115234,3.0199999809265137,3.01200008392334,3.0,2.940000057220459,2.9560000896453857,2.9079999923706055,2.8959999084472656,2.9000000953674316,2.9119999408721924,2.2880001068115234,2.24399995803833,2.24399995803833,2.2079999446868896,2.2079999446868896,inf,inf,inf,inf,inf,inf,inf,inf,inf,inf,3.752000093460083,3.752000093460083,3.7720000743865967,3.799999952316284,3.8239998817443848,3.8239998817443848,3.828000068664551,3.8320000171661377,3.8440001010894775,3.8440001010894775,inf,3.868000030517578,3.868000030517578,3.871999979019165,3.871999979019165,3.9040000438690186,3.9040000438690186,3.9119999408721924,3.9119999408721924,3.9119999408721924,3.9200000762939453,3.944000005722046,3.9519999027252197,inf,inf,inf,inf,3.5320000648498535,3.5320000648498535,inf,inf,3.5320000648498535,3.5320000648498535,3.492000102996826,3.444000005722046,3.4000000953674316,3.364000082015991,3.427999973297119,3.4600000381469727,4.191999912261963,4.199999809265137,4.216000080108643,4.239999771118164,4.25600004196167,4.28000020980835,4.296000003814697,4.320000171661377,4.335999965667725,4.368000030517578,4.383999824523926,4.4079999923706055,4.423999786376953,4.464000225067139,4.464000225067139,4.447999954223633,4.1519999504089355,4.136000156402588,inf,inf,inf,inf,inf,inf,inf,inf,inf,inf,3.9240000247955322,3.9240000247955322,3.8480000495910645,3.8480000495910645,inf,inf,inf,inf,4.28000020980835,4.28000020980835,4.28000020980835,inf,1.8559999465942383,1.8559999465942383,inf,4.447999954223633,4.447999954223633,4.423999786376953,3.055999994277954,3.055999994277954,3.0360000133514404,3.0360000133514404,3.063999891281128,3.063999891281128,2.740000009536743,2.740000009536743,2.7320001125335693,2.7320001125335693,2.7239999771118164,2.7320001125335693,inf,5.0879998207092285,5.0879998207092285,inf,inf,inf,inf,2.9679999351501465,2.9679999351501465,2.944000005722046,2.9200000762939453,2.8959999084472656,2.9000000953674316,2.927999973297119,5.007999897003174,5.168000221252441,5.168000221252441,5.199999809265137,5.199999809265137,5.223999977111816,7.02400016784668,7.079999923706055,7.079999923706055,7.047999858856201,6.943999767303467,5.136000156402588,5.136000156402588,inf,inf,inf,inf,inf,inf,inf,6.703999996185303,6.703999996185303,6.624000072479248,6.607999801635742,6.519999980926514,6.495999813079834,6.495999813079834,6.504000186920166,0.13500000536441803,0.13500000536441803,0.13500000536441803,0.13300000131130219,2.5959999561309814,2.5439999103546143,2.492000102996826,2.3919999599456787,2.2960000038146973,2.252000093460083,2.1640000343322754,2.124000072479248,2.072000026702881,2.055999994277954,2.0380001068115234,2.0320000648498535,2.01200008392334,1.996000051498413,inf,inf,inf,inf,inf,1.9620000123977661,1.9620000123977661,1.9520000219345093,1.9459999799728394,1.937999963760376,1.9320000410079956,1.9279999732971191,1.9220000505447388,1.9160000085830688,1.9140000343322754,1.906000018119812,1.9019999504089355,1.8940000534057617,1.8880000114440918,1.8819999694824219,1.878000020980835,1.8680000305175781,1.8639999628067017,1.8600000143051147,1.8600000143051147,1.8580000400543213,1.8559999465942383,1.8519999980926514,1.8380000591278076,1.8680000305175781,1.8940000534057617,1.9420000314712524,1.9700000286102295,1.996000051498413,2.052000045776367,2.0759999752044678,2.140000104904175,2.1760001182556152,2.24399995803833,2.2839999198913574,2.364000082015991,2.440000057220459,2.4240000247955322,2.427999973297119,2.431999921798706,2.444000005722046,2.447999954223633,2.4560000896453857,2.4600000381469727,2.4679999351501465,2.4719998836517334,2.4760000705718994,2.4800000190734863,2.4839999675750732,2.48799991607666,2.503999948501587,2.507999897003174,2.5160000324249268,2.5239999294281006,2.5320000648498535,2.5439999103546143,2.5480000972747803,2.559999942779541,2.572000026702881,2.5959999561309814,2.5999999046325684,2.5959999561309814,2.6080000400543213,inf,inf,inf,inf,inf,inf,inf,8.0,8.0,7.992000102996826,7.776000022888184,inf,inf,inf,inf,7.519999980926514,7.519999980926514,7.480000019073486,7.480000019073486,7.464000225067139,7.464000225067139,7.343999862670898,7.328000068664551,7.184000015258789,7.104000091552734,7.015999794006348,6.992000102996826,6.895999908447266,6.831999778747559,6.688000202178955,6.6479997634887695,6.584000110626221,6.544000148773193,6.4720001220703125,6.239999771118164,6.239999771118164,6.191999912261963,6.191999912261963,6.119999885559082,3.0920000076293945,3.0920000076293945,3.0920000076293945,3.0959999561309814,inf,inf,inf,inf,inf,inf,inf,inf,inf,inf,inf,inf,inf,4.696000099182129,4.696000099182129,6.127999782562256,6.119999885559082,5.360000133514404,5.360000133514404,5.360000133514404,5.360000133514404,5.328000068664551,inf,4.703999996185303,4.703999996185303,4.679999828338623,4.703999996185303,5.335999965667725,inf,inf,inf,inf,inf,inf,inf,inf,1.5219999551773071,1.5219999551773071,1.468000054359436,1.4579999446868896,1.4559999704360962,1.4620000123977661,1.465999960899353,1.468000054359436,1.4780000448226929,1.4819999933242798,inf,inf,inf,inf,1.3300000429153442,1.3300000429153442,1.3079999685287476,1.2920000553131104,1.2760000228881836,1.2760000228881836,1.2860000133514404,1.2899999618530273,1.3079999685287476,1.3220000267028809,1.3480000495910645,2.1640000343322754,2.1640000343322754,2.171999931335449,2.171999931335449,2.1760001182556152,2.1600000858306885,2.1480000019073486,2.1519999504089355,inf,inf,inf,inf,inf,inf,inf,inf,inf,inf,inf,inf,inf,inf,inf,inf,inf,inf,inf,inf,inf,inf,inf,inf,inf,inf,inf,inf,inf,inf,inf,inf,inf,inf,inf,inf,inf,inf,inf,inf,inf,inf,inf,4.639999866485596,4.639999866485596,5.671999931335449,5.671999931335449,5.664000034332275,5.6479997634887695,3.0959999561309814,3.0959999561309814,3.0920000076293945,3.0920000076293945,4.363999843597412,inf,4.311999797821045,4.311999797821045,4.288000106811523,4.28000020980835,4.288000106811523,inf,4.288000106811523,4.288000106811523,4.263999938964844,4.263999938964844,3.5,3.5,3.503999948501587,4.800000190734863,inf,inf,inf,inf,inf,inf,inf,inf,inf,inf,inf,inf,inf,inf,inf,inf,inf,inf,inf,inf,inf,inf,inf,inf,inf,inf,inf,inf,1.5440000295639038,1.5440000295639038,1.5360000133514404,1.5299999713897705,1.5219999551773071,1.5160000324249268,1.5080000162124634,1.5,1.4900000095367432,1.49399995803833,inf,inf,1.49399995803833,1.49399995803833,1.4900000095367432,1.4839999675750732,1.472000002861023,1.4700000286102295,1.4639999866485596,1.4620000123977661,1.4579999446868896,1.4559999704360962,1.4520000219345093,1.4500000476837158,1.4479999542236328,1.4479999542236328,1.4479999542236328,1.444000005722046,1.4420000314712524,1.440000057220459,1.437999963760376,1.4359999895095825,1.434000015258789,1.4320000410079956,1.4320000410079956,1.4299999475479126,1.4299999475479126,1.4259999990463257,1.4259999990463257,1.4240000247955322,1.4240000247955322,1.4220000505447388,1.4220000505447388,1.4220000505447388,1.4220000505447388,1.4220000505447388,1.4220000505447388,inf,1.3940000534057617,1.3940000534057617,1.3799999952316284,1.3700000047683716,1.3459999561309814,1.3240000009536743,1.312000036239624,1.2920000553131104,1.2799999713897705,1.2580000162124634,1.2480000257492065,1.2300000190734863,1.222000002861023,1.2039999961853027,1.2000000476837158,1.187999963760376,1.184000015258789,inf,inf,inf,inf,inf,inf,inf,1.0399999618530273,1.0399999618530273,1.0379999876022339,1.034000039100647,1.031999945640564,1.0260000228881836,1.0199999809265137,1.0099999904632568,1.00600004196167,1.0,0.9940000176429749,0.984000027179718,0.9779999852180481,0.9679999947547913,0.9639999866485596,0.9539999961853027,0.9480000138282776,0.9639999866485596,0.9520000219345093,0.9480000138282776,0.9480000138282776,0.949999988079071,0.9520000219345093,0.9520000219345093,0.9520000219345093,0.9520000219345093,0.9539999961853027,0.9539999961853027,0.9559999704360962,0.9599999785423279,0.9599999785423279,0.9620000123977661,0.9639999866485596,0.9620000123977661,0.9599999785423279,0.9580000042915344,inf,inf,inf,inf,inf,inf,inf,inf,1.0140000581741333,1.0140000581741333,1.0099999904632568,1.0099999904632568,1.003999948501587,1.003999948501587,1.0099999904632568,1.0119999647140503,1.0140000581741333,1.0180000066757202,1.0199999809265137,1.027999997138977,
-3.1241393089294434,3.1415927410125732,0.008714509196579456,0.15000000596046448,12.0,1696619337986857239,1.055999994277954,1.0579999685287476,1.062000036239624,1.065999984741211,1.0720000267028809,1.0740000009536743,1.0800000429153442,1.0820000171661377,1.090000033378601,1.0920000076293945,1.0959999561309814,1.1039999723434448,1.1059999465942383,1.1160000562667847,1.121999979019165,inf,8.704000473022461,8.704000473022461,8.711999893188477,8.711999893188477,8.800000190734863,8.831999778747559,8.904000282287598,inf,inf,inf,inf,inf,inf,inf,inf,1.3980000019073486,1.3980000019073486,1.3960000276565552,1.440000057220459,inf,inf,inf,inf,inf,inf,inf,inf,inf,inf,5.400000095367432,5.400000095367432,5.248000144958496,5.136000156402588,inf,inf,inf,inf,inf,3.8959999084472656,3.8959999084472656,inf,inf,1.6820000410079956,1.6820000410079956,1.659999966621399,1.659999966621399,1.6319999694824219,1.6119999885559082,0.13500000536441803,0.1340000033378601,0.13300000131130219,0.13300000131130219,0.13199999928474426,inf,inf,inf,inf,inf,inf,2.7679998874664307,2.7679998874664307,inf,inf,inf,inf,inf,inf,inf,inf,inf,inf,inf,inf,4.440000057220459,4.440000057220459,4.423999786376953,4.4079999923706055,4.375999927520752,inf,inf,inf,inf,inf,inf,inf,2.9200000762939453,2.9200000762939453,2.8959999084472656,inf,2.888000011444092,2.888000011444092,inf,inf,inf,inf,inf,inf,4.076000213623047,4.076000213623047,4.072000026702881,4.072000026702881,4.064000129699707,4.056000232696533,4.015999794006348,4.0320000648498535,4.019999980926514,4.01200008392334,3.992000102996826,3.9800000190734863,3.9719998836517334,3.9679999351501465,3.9639999866485596,3.947999954223633,3.944000005722046,3.931999921798706,3.9200000762939453,2.944000005722046,2.9000000953674316,2.9000000953674316,2.8519999980926514,2.8519999980926514,2.8480000495910645,2.8480000495910645,2.828000068664551,2.8239998817443848,2.8480000495910645,inf,inf,inf,inf,inf,inf,inf,inf,inf,inf,inf,inf,inf,inf,inf,inf,inf,inf,inf,inf,inf,inf,3.75600004196167,3.75600004196167,3.75600004196167,3.759999990463257,2.6760001182556152,2.6760001182556152,3.808000087738037,3.815999984741211,3.8239998817443848,inf,3.8440001010894775,3.8440001010894775,3.8440001010894775,3.8559999465942383,3.864000082015991,3.880000114440918,3.880000114440918,inf,inf,inf,inf,inf,inf,inf,3.4800000190734863,3.4800000190734863,3.431999921798706,3.431999921798706,3.3959999084472656,3.3559999465942383,3.303999900817871,3.2920000553131104,inf,4.136000156402588,4.136000156402588,4.1519999504089355,4.159999847412109,4.184000015258789,4.199999809265137,4.23199987411499,4.239999771118164,4.271999835968018,4.288000106811523,4.311999797821045,4.335999965667725,4.3520002365112305,4.360000133514404,inf,inf,inf,inf,inf,inf,inf,inf,inf,inf,inf,inf,inf,inf,inf,inf,3.812000036239624,3.812000036239624,3.7880001068115234,inf,inf,inf,4.248000144958496,4.248000144958496,4.223999977111816,4.223999977111816,4.271999835968018,4.383999824523926,4.776000022888184,4.776000022888184,4.392000198364258,4.392000198364258,4.383999824523926,4.368000030517578,2.9560000896453857,2.9560000896453857,2.9519999027252197,2.9519999027252197,2.9679999351501465,2.9679999351501465,2.684000015258789,2.684000015258789,2.671999931335449,2.671999931335449,2.6559998989105225,2.687999963760376,inf,4.992000102996826,4.992000102996826,inf,2.9519999027252197,2.9519999027252197,2.9119999408721924,2.9119999408721924,2.8919999599456787,2.888000011444092,2.864000082015991,2.859999895095825,2.888000011444092,4.872000217437744,4.872000217437744,4.927999973297119,5.0,5.079999923706055,5.127999782562256,5.159999847412109,6.935999870300293,7.007999897003174,7.0,6.711999893188477,6.544000148773193,inf,inf,inf,inf,inf,inf,5.007999897003174,5.007999897003174,4.9679999351501465,6.504000186920166,6.559999942779541,6.559999942779541,6.504000186920166,6.480000019073486,6.48799991607666,6.4720001220703125,6.447999954223633,0.1340000033378601,0.13300000131130219,5.815999984741211,2.5799999237060547,2.5799999237060547,2.5280001163482666,2.4800000190734863,2.427999973297119,2.3440001010894775,2.299999952316284,2.2160000801086426,2.140000104904175,2.1040000915527344,2.068000078201294,2.0339999198913574,inf,inf,inf,inf,inf,inf,1.9739999771118164,1.9739999771118164,1.9600000381469727,1.9559999704360962,1.9500000476837158,1.940000057220459,1.9320000410079956,1.9220000505447388,1.9160000085830688,1.9140000343322754,1.909999966621399,1.906000018119812,1.8980000019073486,1.8919999599456787,1.8880000114440918,1.8760000467300415,1.8739999532699585,1.8680000305175781,1.8660000562667847,1.8639999628067017,1.8619999885559082,1.8559999465942383,1.8519999980926514,1.8539999723434448,1.850000023841858,1.8459999561309814,1.840000033378601,1.8420000076293945,1.8539999723434448,1.8819999694824219,1.937999963760376,1.9639999866485596,2.0220000743865967,2.052000045776367,2.0840001106262207,2.1559998989105225,2.196000099182129,2.2720000743865967,2.315999984741211,2.4119999408721924,2.4240000247955322,2.427999973297119,2.427999973297119,2.440000057220459,2.444000005722046,2.4600000381469727,2.4560000896453857,2.4639999866485596,2.4719998836517334,2.4760000705718994,2.4800000190734863,2.4839999675750732,2.496000051498413,2.503999948501587,2.5199999809265137,2.5320000648498535,2.5480000972747803,2.5480000972747803,2.559999942779541,2.563999891281128,2.5840001106262207,2.5920000076293945,2.5959999561309814,inf,inf,inf,inf,inf,inf,inf,7.863999843597412,7.863999843597412,7.76800012588501,7.76800012588501,7.703999996185303,7.664000034332275,inf,inf,inf,inf,7.455999851226807,7.455999851226807,7.504000186920166,7.504000186920166,7.480000019073486,7.335999965667725,7.296000003814697,7.25600004196167,7.176000118255615,7.0879998207092285,7.007999897003174,6.960000038146973,6.8480000495910645,6.808000087738037,6.703999996185303,6.656000137329102,6.584000110626221,6.552000045776367,6.288000106811523,6.288000106811523,6.223999977111816,6.223999977111816,6.168000221252441,6.144000053405762,3.131999969482422,3.131999969482422,3.119999885559082,3.119999885559082,inf,inf,inf,inf,inf,inf,inf,inf,inf,inf,4.71999979019165,4.71999979019165,inf,6.320000171661377,6.320000171661377,6.25600004196167,6.23199987411499,6.176000118255615,5.400000095367432,5.400000095367432,5.400000095367432,5.392000198364258,inf,4.74399995803833,4.74399995803833,4.74399995803833,5.383999824523926,inf,inf,5.791999816894531,5.791999816894531,inf,inf,inf,inf,inf,inf,inf,1.534000039100647,1.534000039100647,1.5180000066757202,1.5099999904632568,1.5119999647140503,1.5140000581741333,1.5260000228881836,1.5299999713897705,1.5360000133514404,inf,inf,inf,inf,1.3660000562667847,1.3660000562667847,1.343999981880188,1.3320000171661377,1.3279999494552612,1.3339999914169312,1.3380000591278076,1.350000023841858,1.3600000143051147,1.3919999599456787,2.2279999256134033,2.2279999256134033,2.2279999256134033,2.2279999256134033,2.2239999771118164,2.2039999961853027,2.2079999446868896,2.2119998931884766,5.320000171661377,5.320000171661377,5.335999965667725,5.335999965667725,5.311999797821045,5.288000106811523,5.223999977111816,5.184000015258789,5.0960001945495605,4.144000053405762,inf,inf,inf,inf,inf,inf,inf,inf,inf,inf,inf,inf,inf,inf,inf,inf,inf,inf,inf,inf,inf,inf,inf,inf,3.9200000762939453,3.9200000762939453,3.9560000896453857,3.9560000896453857,inf,inf,inf,inf,inf,inf,inf,5.48799991607666,5.48799991607666,5.544000148773193,3.1640000343322754,3.1640000343322754,3.1480000019073486,inf,inf,inf,inf,4.343999862670898,4.343999862670898,4.343999862670898,4.343999862670898,4.343999862670898,4.343999862670898,4.343999862670898,4.3520002365112305,3.5439999103546143,3.5439999103546143,4.895999908447266,4.895999908447266,4.880000114440918,inf,inf,inf,inf,inf,inf,inf,inf,inf,inf,inf,inf,inf,inf,inf,inf,inf,inf,inf,inf,inf,inf,inf,inf,1.6019999980926514,1.6019999980926514,1.5920000076293945,1.5920000076293945,1.5880000591278076,1.5839999914169312,1.5759999752044678,1.5720000267028809,1.562000036239624,1.555999994277954,1.5399999618530273,1.5360000133514404,1.5360000133514404,inf,1.5460000038146973,1.5460000038146973,1.5379999876022339,1.5379999876022339,1.5260000228881836,1.5180000066757202,1.5140000581741333,1.5140000581741333,1.5099999904632568,1.50600004196167,1.5019999742507935,1.4980000257492065,1.49399995803833,1.4919999837875366,1.4880000352859497,1.4880000352859497,1.4859999418258667,1.4839999675750732,1.4839999675750732,1.4819999933242798,1.4800000190734863,1.4800000190734863,1.4780000448226929,1.4759999513626099,1.4759999513626099,1.472000002861023,1.4700000286102295,1.4700000286102295,1.4700000286102295,1.468000054359436,1.468000054359436,1.465999960899353,1.465999960899353,1.4459999799728394,1.4359999895095825,1.4240000247955322,1.409999966621399,1.3839999437332153,1.371999979019165,1.3459999561309814,1.3339999914169312,1.309999942779541,1.2979999780654907,1.2760000228881836,1.2660000324249268,1.246000051498413,1.2359999418258667,1.215999960899353,1.2059999704360962,1.187999963760376,1.1799999475479126,1.1699999570846558,1.1579999923706055,1.1540000438690186,1.149999976158142,inf,inf,inf,inf,inf,1.0119999647140503,1.0119999647140503,1.0140000581741333,1.0140000581741333,1.0099999904632568,1.0099999904632568,1.0019999742507935,0.9959999918937683,0.9860000014305115,0.9819999933242798,0.9679999947547913,0.9819999933242798,0.9760000109672546,0.9700000286102295,0.9700000286102295,0.972000002861023,0.972000002861023,0.972000002861023,0.972000002861023,0.972000002861023,0.972000002861023,0.9739999771118164,0.9739999771118164,0.9760000109672546,0.9779999852180481,0.9779999852180481,0.9800000190734863,0.9800000190734863,0.9819999933242798,0.9860000014305115,0.9860000014305115,0.9879999756813049,0.9879999756813049,0.9879999756813049,0.9879999756813049,0.9860000014305115,0.984000027179718,inf,inf,inf,inf,inf,inf,inf,inf,1.0479999780654907,1.0479999780654907,1.0379999876022339,1.031999945640564,1.031999945640564,1.031999945640564,1.0360000133514404,1.0379999876022339,1.0420000553131104,1.0440000295639038,1.0520000457763672,1.0520000457763672,
-3.1241393089294434,3.1415927410125732,0.008714509196579456,0.15000000596046448,12.0,1696619338121951518,1.0800000429153442,1.0839999914169312,1.0859999656677246,1.093999981880188,1.0980000495910645,1.1019999980926514,1.1059999465942383,1.1139999628067017,1.1180000305175781,1.1239999532699585,1.1299999952316284,1.1319999694824219,1.1380000114440918,inf,8.67199993133545,8.67199993133545,8.576000213623047,8.704000473022461,8.744000434875488,8.880000114440918,8.880000114440918,inf,inf,inf,inf,inf,inf,1.3799999952316284,1.3799999952316284,1.3760000467300415,inf,inf,inf,inf,inf,inf,inf,inf,inf,inf,inf,5.296000003814697,5.296000003814697,5.360000133514404,5.360000133514404,inf,2.252000093460083,2.252000093460083,2.2360000610351562,inf,inf,inf,inf,inf,inf,inf,1.6239999532699585,1.6239999532699585,1.6119999885559082,1.590000033378601,1.5779999494552612,inf,inf,0.13500000536441803,0.13500000536441803,0.13500000536441803,0.1340000033378601,0.12800000607967377,inf,2.747999906539917,2.747999906539917,2.74399995803833,2.74399995803833,2.7039999961853027,2.696000099182129,inf,inf,inf,inf,inf,inf,inf,inf,inf,inf,inf,inf,4.176000118255615,4.176000118255615,4.168000221252441,4.168000221252441,4.144000053405762,inf,inf,inf,inf,inf,2.687999963760376,2.687999963760376,inf,inf,inf,inf,inf,inf,inf,inf,inf,inf,inf,3.7360000610351562,3.7360000610351562,3.7880001068115234,inf,3.799999952316284,3.799999952316284,3.7839999198913574,3.7799999713897705,3.7679998874664307,3.759999990463257,3.747999906539917,3.74399995803833,3.7239999771118164,3.7239999771118164,3.7200000286102295,3.7119998931884766,3.700000047683716,3.696000099182129,3.687999963760376,3.680000066757202,3.6760001182556152,3.6760001182556152,2.9119999408721924,2.9119999408721924,2.888000011444092,2.8399999141693115,2.8440001010894775,2.815999984741211,2.7839999198913574,2.7760000228881836,2.7799999713897705,2.7960000038146973,inf,inf,inf,inf,inf,inf,inf,inf,inf,inf,inf,inf,inf,inf,inf,inf,inf,inf,inf,inf,3.696000099182129,3.696000099182129,3.691999912261963,3.691999912261963,3.696000099182129,3.700000047683716,3.74399995803833,3.74399995803833,3.747999906539917,3.747999906539917,3.747999906539917,inf,3.7839999198913574,3.7839999198913574,3.7839999198913574,3.7839999198913574,3.803999900817871,3.799999952316284,3.808000087738037,inf,inf,inf,3.388000011444092,3.388000011444092,inf,inf,inf,inf,inf,3.4079999923706055,3.4079999923706055,3.308000087738037,3.2839999198913574,3.24399995803833,3.240000009536743,3.3519999980926514,4.084000110626221,4.0920000076293945,4.0920000076293945,4.099999904632568,4.136000156402588,4.144000053405762,4.159999847412109,4.176000118255615,4.216000080108643,4.223999977111816,4.248000144958496,4.271999835968018,4.328000068664551,inf,inf,inf,inf,3.0199999809265137,3.0199999809265137,3.003999948501587,3.003999948501587,3.0160000324249268,inf,inf,inf,inf,inf,inf,inf,3.759999990463257,3.759999990463257,3.7360000610351562,3.7360000610351562,inf,inf,inf,inf,inf,4.191999912261963,4.191999912261963,4.392000198364258,4.392000198364258,inf,1.7100000381469727,1.7100000381469727,inf,inf,2.884000062942505,2.884000062942505,2.880000114440918,2.880000114440918,2.8959999084472656,2.8959999084472656,inf,inf,2.640000104904175,2.640000104904175,2.624000072479248,2.624000072479248,2.619999885559082,2.624000072479248,5.064000129699707,4.992000102996826,inf,inf,inf,2.875999927520752,2.875999927520752,2.8320000171661377,2.8239998817443848,2.808000087738037,2.7920000553131104,2.815999984741211,4.831999778747559,4.855999946594238,4.9120001792907715,4.960000038146973,4.992000102996826,5.072000026702881,5.056000232696533,inf,inf,inf,inf,inf,inf,inf,inf,7.015999794006348,7.015999794006348,4.880000114440918,4.880000114440918,4.872000217437744,4.872000217437744,inf,6.5279998779296875,6.5279998779296875,6.48799991607666,6.447999954223633,6.4720001220703125,6.447999954223633,6.432000160217285,0.13300000131130219,5.671999931335449,5.671999931335449,5.711999893188477,2.552000045776367,2.552000045776367,2.507999897003174,2.507999897003174,2.4639999866485596,2.380000114440918,2.3359999656677246,2.259999990463257,2.2200000286102295,2.140000104904175,2.1040000915527344,inf,inf,inf,inf,inf,1.9800000190734863,1.9800000190734863,1.968000054359436,1.9559999704360962,1.9559999704360962,1.944000005722046,1.940000057220459,1.9320000410079956,1.9259999990463257,1.9160000085830688,1.9160000085830688,1.909999966621399,1.9079999923706055,1.8980000019073486,1.8919999599456787,1.8860000371932983,1.8819999694824219,1.8739999532699585,1.8739999532699585,1.8680000305175781,1.8619999885559082,1.8600000143051147,1.8559999465942383,1.8539999723434448,1.8539999723434448,1.850000023841858,1.850000023841858,1.843999981880188,1.840000033378601,1.8380000591278076,1.8339999914169312,1.8339999914169312,1.843999981880188,1.871999979019165,1.9320000410079956,1.9620000123977661,2.0260000228881836,2.059999942779541,2.131999969482422,2.1760001182556152,2.259999990463257,2.303999900817871,2.3519999980926514,2.4159998893737793,2.4200000762939453,2.431999921798706,2.444000005722046,2.447999954223633,2.4600000381469727,2.4639999866485596,2.4719998836517334,2.4719998836517334,2.4839999675750732,2.4839999675750732,2.48799991607666,2.5,2.5160000324249268,2.5239999294281006,2.5320000648498535,2.5399999618530273,2.552000045776367,2.563999891281128,2.5759999752044678,inf,inf,inf,inf,inf,inf,inf,7.927999973297119,7.927999973297119,7.711999893188477,7.711999893188477,7.631999969482422,7.607999801635742,7.624000072479248,7.736000061035156,7.711999893188477,7.711999893188477,inf,inf,7.4720001220703125,7.4720001220703125,7.519999980926514,7.504000186920166,7.392000198364258,7.328000068664551,7.296000003814697,7.136000156402588,7.119999885559082,7.015999794006348,6.9679999351501465,6.952000141143799,6.840000152587891,6.776000022888184,6.664000034332275,6.639999866485596,6.559999942779541,6.5279998779296875,6.296000003814697,6.296000003814697,6.25600004196167,6.216000080108643,6.216000080108643,6.1519999504089355,6.136000156402588,inf,inf,inf,inf,inf,inf,inf,inf,inf,inf,inf,inf,inf,2.871999979019165,2.871999979019165,inf,6.311999797821045,6.311999797821045,6.296000003814697,6.25600004196167,5.440000057220459,5.440000057220459,5.440000057220459,5.415999889373779,inf,4.800000190734863,4.800000190734863,4.791999816894531,5.4079999923706055,5.4079999923706055,inf,inf,5.831999778747559,5.831999778747559,5.815999984741211,5.808000087738037,inf,inf,inf,inf,inf,1.600000023841858,1.600000023841858,1.5779999494552612,1.565999984741211,1.559999942779541,1.562000036239624,1.5720000267028809,1.5740000009536743,1.5800000429153442,1.5859999656677246,2.2880001068115234,2.2880001068115234,inf,1.4199999570846558,1.4199999570846558,1.3980000019073486,1.3980000019073486,1.3819999694824219,1.3880000114440918,1.3980000019073486,1.4019999504089355,1.4240000247955322,1.437999963760376,1.4500000476837158,2.2839999198913574,2.2839999198913574,2.2920000553131104,2.2799999713897705,2.259999990463257,2.2639999389648438,inf,inf,inf,inf,inf,5.159999847412109,5.159999847412109,5.127999782562256,inf,inf,inf,inf,inf,inf,inf,inf,inf,inf,inf,inf,inf,inf,inf,inf,inf,inf,inf,inf,inf,inf,inf,inf,inf,3.98799991607666,3.98799991607666,4.004000186920166,4.004000186920166,inf,inf,inf,inf,inf,inf,inf,5.599999904632568,5.599999904632568,5.599999904632568,5.639999866485596,3.2119998931884766,4.5279998779296875,4.5279998779296875,inf,inf,inf,inf,inf,inf,inf,4.4079999923706055,4.4079999923706055,4.415999889373779,4.4079999923706055,3.6040000915527344,3.6040000915527344,4.9120001792907715,4.9120001792907715,inf,inf,inf,inf,inf,inf,inf,inf,inf,inf,inf,inf,inf,inf,inf,inf,inf,inf,inf,inf,inf,inf,inf,inf,inf,1.6579999923706055,1.6579999923706055,1.649999976158142,1.6419999599456787,1.6339999437332153,1.6260000467300415,1.621999979019165,1.6139999628067017,1.6100000143051147,1.5980000495910645,1.590000033378601,1.5820000171661377,1.5980000495910645,inf,1.600000023841858,1.600000023841858,1.5839999914169312,1.5839999914169312,1.5720000267028809,1.5640000104904175,1.5579999685287476,1.5579999685287476,1.5540000200271606,1.5520000457763672,1.5460000038146973,1.5440000295639038,1.5399999618530273,1.5379999876022339,1.534000039100647,1.531999945640564,1.527999997138977,1.5260000228881836,1.5240000486373901,1.5240000486373901,1.5240000486373901,1.5199999809265137,1.5199999809265137,1.5199999809265137,1.5199999809265137,1.5180000066757202,1.5160000324249268,1.5160000324249268,1.5140000581741333,1.5119999647140503,1.4839999675750732,1.4839999675750732,1.4559999704360962,1.440000057220459,1.4119999408721924,1.3960000276565552,1.3680000305175781,1.3559999465942383,1.3300000429153442,1.3179999589920044,1.2920000553131104,1.281999945640564,1.2599999904632568,1.2480000257492065,1.2280000448226929,1.218000054359436,1.1979999542236328,1.190000057220459,1.1720000505447388,1.1619999408721924,1.1460000276565552,1.1399999856948853,1.1299999952316284,1.1260000467300415,inf,inf,inf,inf,inf,inf,0.9879999756813049,0.9879999756813049,0.9860000014305115,0.9860000014305115,0.9860000014305115,1.0099999904632568,1.0,0.9959999918937683,0.9959999918937683,0.9980000257492065,0.9980000257492065,0.9940000176429749,0.9959999918937683,0.9940000176429749,0.9959999918937683,0.9959999918937683,0.9959999918937683,0.9980000257492065,0.9980000257492065,1.0,1.0,1.0,1.0019999742507935,1.0019999742507935,1.003999948501587,1.003999948501587,1.003999948501587,1.00600004196167,1.0099999904632568,1.0119999647140503,1.0140000581741333,1.0140000581741333,1.0160000324249268,1.0160000324249268,1.0160000324249268,1.0140000581741333,1.0099999904632568,inf,inf,inf,inf,inf,inf,inf,inf,1.065999984741211,1.065999984741211,1.0640000104904175,1.0640000104904175,1.0579999685287476,1.0579999685287476,1.059999942779541,1.062000036239624,1.0679999589920044,1.0700000524520874,1.0720000267028809,1.0759999752044678,
-3.1241393089294434,3.1415927410125732,0.008714509196579456,0.15000000596046448,12.0,1696619338257218167,1.1080000400543213,1.1100000143051147,1.1180000305175781,1.1239999532699585,1.1260000467300415,1.128000020980835,1.1339999437332153,inf,inf,8.37600040435791,8.37600040435791,8.4399995803833,8.4399995803833,8.432000160217285,8.472000122070312,8.5600004196167,8.5600004196167,inf,inf,inf,inf,1.3680000305175781,1.3680000305175781,1.3639999628067017,1.3639999628067017,inf,inf,inf,inf,inf,inf,inf,inf,inf,inf,inf,inf,inf,inf,inf,inf,inf,inf,inf,inf,inf,2.2119998931884766,2.2119998931884766,inf,inf,inf,inf,inf,inf,inf,inf,inf,inf,inf,inf,inf,inf,inf,0.13500000536441803,0.13500000536441803,0.13500000536441803,0.13199999928474426,0.13199999928474426,0.13199999928474426,2.7160000801086426,2.7039999961853027,2.7039999961853027,2.696000099182129,2.696000099182129,inf,inf,inf,inf,inf,inf,inf,inf,inf,inf,inf,inf,inf,inf,4.335999965667725,4.335999965667725,4.303999900817871,inf,inf,inf,inf,2.640000104904175,2.640000104904175,inf,inf,inf,inf,inf,inf,inf,inf,inf,inf,inf,inf,inf,inf,3.747999906539917,3.747999906539917,3.74399995803833,3.7360000610351562,3.7239999771118164,3.7119998931884766,3.7039999961853027,3.700000047683716,3.684000015258789,3.6760001182556152,3.6679999828338623,3.6640000343322754,3.6600000858306885,3.6480000019073486,3.6440000534057617,3.640000104904175,3.640000104904175,3.635999917984009,3.631999969482422,3.628000020980835,3.619999885559082,2.859999895095825,2.828000068664551,2.747999906539917,2.747999906539917,2.7639999389648438,2.7360000610351562,2.7079999446868896,2.7160000801086426,2.7279999256134033,inf,inf,inf,inf,inf,inf,inf,inf,inf,inf,inf,inf,inf,inf,inf,inf,inf,inf,inf,inf,inf,inf,inf,3.631999969482422,3.631999969482422,3.631999969482422,3.631999969482422,inf,inf,inf,inf,inf,inf,3.628000020980835,3.628000020980835,3.684000015258789,3.684000015258789,3.7360000610351562,3.740000009536743,3.752000093460083,inf,inf,inf,inf,inf,3.3399999141693115,3.3399999141693115,inf,inf,3.3399999141693115,3.3399999141693115,3.303999900817871,3.303999900817871,3.25600004196167,3.200000047683716,3.171999931335449,3.2799999713897705,3.2799999713897705,4.019999980926514,4.019999980926514,4.044000148773193,4.056000232696533,4.079999923706055,4.0960001945495605,4.104000091552734,4.127999782562256,4.144000053405762,4.176000118255615,4.184000015258789,4.223999977111816,4.23199987411499,inf,inf,inf,inf,inf,inf,inf,2.9639999866485596,2.9639999866485596,2.9800000190734863,inf,inf,inf,inf,inf,inf,inf,3.7079999446868896,3.7079999446868896,3.6760001182556152,3.6480000019073486,inf,inf,4.111999988555908,4.111999988555908,inf,inf,inf,inf,inf,4.656000137329102,4.656000137329102,inf,inf,inf,2.8519999980926514,2.8519999980926514,2.8519999980926514,2.8519999980926514,2.8440001010894775,inf,inf,inf,2.5799999237060547,2.5799999237060547,2.563999891281128,2.563999891281128,2.555999994277954,2.568000078201294,inf,4.920000076293945,4.920000076293945,2.7880001068115234,2.7880001068115234,2.75600004196167,2.740000009536743,2.7200000286102295,2.7119998931884766,2.74399995803833,inf,inf,inf,5.0,5.0,5.007999897003174,5.007999897003174,5.064000129699707,5.111999988555908,inf,inf,inf,inf,inf,inf,inf,inf,inf,6.576000213623047,6.576000213623047,4.840000152587891,4.815999984741211,4.815999984741211,6.480000019073486,6.480000019073486,6.535999774932861,6.464000225067139,0.13500000536441803,0.13300000131130219,0.13300000131130219,inf,inf,inf,inf,6.335999965667725,6.335999965667725,6.311999797821045,2.5360000133514404,2.5360000133514404,2.5,2.4159998893737793,2.375999927520752,2.2920000553131104,inf,inf,inf,inf,inf,inf,1.9880000352859497,1.9880000352859497,1.9739999771118164,1.965999960899353,1.9620000123977661,1.9500000476837158,1.9459999799728394,1.937999963760376,1.934000015258789,1.9199999570846558,1.9160000085830688,1.9119999408721924,1.909999966621399,1.909999966621399,1.906000018119812,1.8960000276565552,1.8919999599456787,1.8839999437332153,1.8799999952316284,1.8700000047683716,1.8639999628067017,1.8639999628067017,1.8619999885559082,1.8580000400543213,1.8559999465942383,1.8519999980926514,1.850000023841858,1.843999981880188,1.8420000076293945,1.8420000076293945,1.840000033378601,1.8380000591278076,1.8300000429153442,1.8320000171661377,1.8279999494552612,1.8240000009536743,1.8300000429153442,1.8539999723434448,1.9179999828338623,1.9520000219345093,2.0260000228881836,2.063999891281128,2.1040000915527344,2.191999912261963,2.240000009536743,2.3359999656677246,2.447999954223633,2.4200000762939453,2.427999973297119,2.4519999027252197,2.447999954223633,2.4600000381469727,2.4679999351501465,2.4800000190734863,2.4839999675750732,2.4839999675750732,2.48799991607666,2.492000102996826,2.5160000324249268,2.5360000133514404,2.5360000133514404,2.5360000133514404,2.559999942779541,inf,inf,inf,inf,inf,inf,2.6640000343322754,2.6640000343322754,inf,inf,inf,7.559999942779541,7.559999942779541,7.567999839782715,7.696000099182129,7.74399995803833,inf,7.751999855041504,7.751999855041504,7.51200008392334,7.51200008392334,7.567999839782715,7.567999839782715,7.584000110626221,7.423999786376953,7.392000198364258,7.328000068664551,7.271999835968018,7.119999885559082,7.119999885559082,7.039999961853027,6.97599983215332,6.9039998054504395,6.855999946594238,6.696000099182129,6.664000034332275,6.576000213623047,6.552000045776367,6.48799991607666,6.311999797821045,6.311999797821045,6.263999938964844,6.216000080108643,6.23199987411499,6.184000015258789,inf,inf,inf,inf,inf,inf,inf,inf,inf,inf,inf,inf,inf,inf,inf,inf,inf,inf,inf,inf,inf,inf,5.4720001220703125,5.4720001220703125,4.880000114440918,4.880000114440918,4.855999946594238,4.855999946594238,inf,inf,inf,inf,inf,inf,inf,inf,inf,inf,inf,inf,inf,inf,1.687999963760376,1.687999963760376,1.6540000438690186,1.6540000438690186,1.6239999532699585,1.621999979019165,1.628000020980835,1.6339999437332153,1.6460000276565552,1.6519999504089355,2.3320000171661377,2.3320000171661377,2.319999933242798,2.319999933242798,1.4880000352859497,1.4600000381469727,1.4600000381469727,1.440000057220459,1.440000057220459,1.4559999704360962,1.4639999866485596,1.465999960899353,1.4919999837875366,1.503999948501587,2.3399999141693115,2.3399999141693115,2.3399999141693115,2.3239998817443848,2.3239998817443848,2.3239998817443848,inf,inf,inf,inf,inf,inf,inf,inf,inf,inf,inf,inf,inf,inf,inf,inf,inf,inf,inf,inf,inf,inf,inf,inf,inf,inf,inf,inf,inf,inf,inf,inf,inf,4.067999839782715,4.067999839782715,4.059999942779541,4.0879998207092285,inf,inf,inf,inf,5.679999828338623,5.679999828338623,5.703999996185303,5.664000034332275,5.607999801635742,3.2839999198913574,3.2679998874664307,3.2679998874664307,inf,inf,4.464000225067139,4.464000225067139,4.447999954223633,4.447999954223633,inf,4.455999851226807,4.455999851226807,4.455999851226807,4.455999851226807,3.696000099182129,3.7039999961853027,5.0,5.0,inf,inf,inf,inf,inf,inf,inf,inf,inf,inf,inf,inf,inf,inf,inf,inf,inf,inf,inf,inf,inf,inf,inf,1.7239999771118164,1.7239999771118164,1.7120000123977661,1.7039999961853027,1.7000000476837158,1.690000057220459,1.684000015258789,1.6740000247955322,1.6699999570846558,1.6619999408721924,1.6579999923706055,1.6540000438690186,1.6360000371932983,1.6239999532699585,1.6380000114440918,inf,1.6460000276565552,1.6460000276565552,1.6299999952316284,1.6299999952316284,1.6160000562667847,1.6080000400543213,1.6039999723434448,1.6019999980926514,1.5980000495910645,1.5959999561309814,1.593999981880188,1.590000033378601,1.5859999656677246,1.5820000171661377,1.5800000429153442,1.5779999494552612,1.5720000267028809,1.5720000267028809,1.5679999589920044,1.5679999589920044,1.5640000104904175,1.5640000104904175,1.5640000104904175,1.559999942779541,1.562000036239624,1.5579999685287476,1.5579999685287476,1.5180000066757202,1.5180000066757202,1.5019999742507935,1.4839999675750732,1.4520000219345093,1.4220000505447388,1.4079999923706055,1.378000020980835,1.3639999628067017,1.3380000591278076,1.3240000009536743,1.2979999780654907,1.2860000133514404,1.2619999647140503,1.2519999742507935,1.2280000448226929,1.218000054359436,1.1979999542236328,1.187999963760376,1.1699999570846558,1.159999966621399,1.1419999599456787,1.1319999694824219,1.1160000562667847,1.1139999628067017,1.1039999723434448,1.100000023841858,inf,inf,inf,inf,inf,inf,1.0119999647140503,1.0119999647140503,1.0160000324249268,1.0160000324249268,1.0180000066757202,1.0199999809265137,1.0199999809265137,1.0199999809265137,1.0199999809265137,1.0199999809265137,1.0219999551773071,1.0219999551773071,1.0199999809265137,1.0219999551773071,1.0219999551773071,1.0240000486373901,1.0240000486373901,1.0240000486373901,1.0219999551773071,1.0219999551773071,1.0260000228881836,1.0240000486373901,1.0260000228881836,1.0299999713897705,1.0299999713897705,1.034000039100647,1.034000039100647,1.034000039100647,1.034000039100647,1.031999945640564,1.0360000133514404,1.0379999876022339,1.0399999618530273,1.0420000553131104,1.0420000553131104,1.0379999876022339,1.0360000133514404,inf,inf,inf,inf,inf,inf,inf,inf,1.090000033378601,1.090000033378601,1.0839999914169312,1.0839999914169312,1.0800000429153442,1.0820000171661377,1.0859999656677246,1.0859999656677246,1.0880000591278076,1.093999981880188,1.0980000495910645,1.1039999723434448,
-3.1241393089294434,3.1415927410125732,0.008714509196579456,0.15000000596046448,12.0,1696619338392531149,1.1319999694824219,1.1360000371932983,inf,inf,5.144000053405762,5.144000053405762,5.159999847412109,5.159999847412109,8.263999938964844,8.263999938964844,8.336000442504883,8.368000030517578,8.432000160217285,8.407999992370605,8.399999618530273,8.472000122070312,1.3519999980926514,1.3519999980926514,1.3559999465942383,1.3559999465942383,inf,inf,5.703999996185303,5.703999996185303,inf,inf,inf,inf,inf,inf,inf,inf,inf,inf,inf,inf,inf,inf,inf,inf,inf,2.1760001182556152,2.1760001182556152,inf,inf,inf,inf,1.593999981880188,1.593999981880188,inf,inf,inf,inf,inf,inf,inf,inf,inf,inf,inf,inf,inf,inf,0.13600000739097595,0.13600000739097595,0.13300000131130219,0.13199999928474426,0.13199999928474426,inf,inf,inf,inf,inf,inf,inf,inf,inf,inf,2.9159998893737793,2.9159998893737793,2.9079999923706055,2.9079999923706055,inf,inf,inf,inf,inf,inf,inf,inf,inf,inf,inf,inf,inf,2.7200000286102295,2.7200000286102295,inf,inf,2.9839999675750732,2.9839999675750732,inf,inf,inf,inf,inf,inf,3.5439999103546143,3.5439999103546143,inf,inf,3.8959999084472656,3.8959999084472656,3.888000011444092,3.884000062942505,3.875999927520752,3.868000030517578,3.859999895095825,3.8519999980926514,3.8480000495910645,3.8480000495910645,3.8320000171661377,3.8359999656677246,3.812000036239624,3.815999984741211,3.808000087738037,3.803999900817871,3.7960000038146973,3.7920000553131104,3.7720000743865967,2.7839999198913574,2.7679998874664307,2.7679998874664307,2.7360000610351562,2.696000099182129,2.7079999446868896,2.6760001182556152,2.6679999828338623,2.6559998989105225,2.6600000858306885,inf,inf,inf,inf,inf,inf,inf,1.9320000410079956,1.9320000410079956,inf,inf,inf,inf,inf,inf,inf,inf,inf,inf,inf,inf,inf,inf,inf,inf,inf,inf,inf,inf,inf,inf,inf,inf,inf,inf,inf,inf,inf,inf,inf,inf,inf,inf,inf,inf,inf,3.184000015258789,3.184000015258789,3.191999912261963,3.2160000801086426,3.2160000801086426,3.2760000228881836,3.2960000038146973,3.2279999256134033,3.187999963760376,3.1480000019073486,3.119999885559082,3.0999999046325684,3.2279999256134033,3.2279999256134033,3.9519999027252197,3.9519999027252197,3.9760000705718994,3.992000102996826,4.01200008392334,4.0279998779296875,4.056000232696533,4.072000026702881,4.0879998207092285,4.104000091552734,4.127999782562256,4.159999847412109,4.168000221252441,inf,inf,inf,inf,inf,2.880000114440918,2.880000114440918,inf,inf,inf,inf,inf,inf,inf,inf,inf,inf,inf,3.640000104904175,3.640000104904175,3.6040000915527344,5.111999988555908,inf,inf,4.044000148773193,4.044000148773193,4.0320000648498535,inf,4.271999835968018,4.271999835968018,4.607999801635742,4.607999801635742,4.248000144958496,4.248000144958496,1.6119999885559082,inf,2.799999952316284,2.799999952316284,2.7920000553131104,2.7920000553131104,2.7920000553131104,inf,inf,5.208000183105469,5.208000183105469,inf,2.5399999618530273,2.5399999618530273,2.5239999294281006,2.5239999294281006,inf,inf,2.7200000286102295,2.7200000286102295,2.680000066757202,2.6600000858306885,2.6559998989105225,2.680000066757202,2.7079999446868896,inf,inf,4.760000228881836,4.760000228881836,4.9120001792907715,4.9120001792907715,4.935999870300293,4.984000205993652,5.015999794006348,inf,inf,inf,inf,inf,inf,inf,inf,inf,6.51200008392334,6.51200008392334,4.800000190734863,4.800000190734863,4.783999919891357,4.823999881744385,6.519999980926514,6.519999980926514,0.13300000131130219,0.13300000131130219,0.13199999928474426,inf,inf,inf,5.616000175476074,5.616000175476074,6.328000068664551,6.328000068664551,6.335999965667725,6.303999900817871,6.303999900817871,2.5160000324249268,2.4719998836517334,2.4719998836517334,inf,inf,inf,inf,inf,inf,2.0260000228881836,2.0260000228881836,1.996000051498413,1.996000051498413,1.972000002861023,1.9639999866485596,1.9559999704360962,1.9500000476837158,1.9359999895095825,1.9320000410079956,1.9259999990463257,1.9220000505447388,1.9140000343322754,1.9140000343322754,1.9079999923706055,1.906000018119812,1.8960000276565552,1.8880000114440918,1.8839999437332153,1.8799999952316284,1.871999979019165,1.871999979019165,1.8680000305175781,1.8639999628067017,1.8580000400543213,1.8600000143051147,1.8580000400543213,1.8539999723434448,1.8539999723434448,1.8519999980926514,1.8459999561309814,1.843999981880188,1.8420000076293945,1.8359999656677246,1.8320000171661377,1.8279999494552612,1.8300000429153442,1.8279999494552612,1.8240000009536743,1.8200000524520874,1.8220000267028809,1.8539999723434448,1.8899999856948853,1.968000054359436,2.009999990463257,2.0920000076293945,2.140000104904175,2.191999912261963,2.299999952316284,2.359999895095825,2.431999921798706,2.431999921798706,2.447999954223633,2.4519999027252197,2.4600000381469727,2.4719998836517334,2.4760000705718994,2.4800000190734863,2.48799991607666,2.507999897003174,2.5199999809265137,2.5199999809265137,2.5239999294281006,inf,inf,inf,inf,inf,inf,2.631999969482422,2.631999969482422,2.6519999504089355,2.6519999504089355,2.6559998989105225,2.6600000858306885,2.6679999828338623,7.607999801635742,7.607999801635742,7.728000164031982,7.776000022888184,7.800000190734863,inf,7.679999828338623,7.679999828338623,7.576000213623047,7.567999839782715,7.631999969482422,7.631999969482422,7.48799991607666,7.432000160217285,7.375999927520752,7.311999797821045,7.239999771118164,7.184000015258789,7.0960001945495605,7.072000026702881,6.935999870300293,6.888000011444092,6.855999946594238,6.74399995803833,6.688000202178955,6.5920000076293945,6.567999839782715,6.3520002365112305,6.343999862670898,6.343999862670898,6.303999900817871,6.296000003814697,6.296000003814697,inf,inf,inf,inf,inf,inf,inf,inf,inf,inf,inf,inf,inf,inf,inf,inf,inf,inf,inf,inf,inf,inf,inf,inf,inf,4.9120001792907715,4.9120001792907715,4.9039998054504395,4.9039998054504395,5.504000186920166,5.504000186920166,inf,inf,inf,inf,5.855999946594238,5.855999946594238,inf,inf,inf,inf,inf,inf,inf,1.75,1.75,1.715999960899353,1.7000000476837158,1.6820000410079956,1.6859999895095825,1.694000005722046,1.7020000219345093,1.7120000123977661,1.715999960899353,2.388000011444092,2.380000114440918,2.380000114440918,1.531999945640564,1.5099999904632568,1.5099999904632568,1.5019999742507935,1.5019999742507935,1.5099999904632568,1.5180000066757202,1.5360000133514404,1.5540000200271606,1.5679999589920044,2.4000000953674316,2.4000000953674316,2.3919999599456787,2.380000114440918,2.384000062942505,2.388000011444092,inf,inf,inf,5.303999900817871,5.303999900817871,inf,inf,inf,inf,inf,inf,inf,inf,inf,inf,inf,inf,inf,inf,inf,inf,inf,inf,inf,inf,inf,inf,inf,inf,3.9000000953674316,3.9000000953674316,4.119999885559082,4.119999885559082,4.119999885559082,4.119999885559082,inf,inf,inf,inf,5.728000164031982,5.728000164031982,5.76800012588501,5.76800012588501,5.800000190734863,3.3480000495910645,4.656000137329102,4.656000137329102,3.4200000762939453,3.4200000762939453,inf,inf,inf,inf,4.552000045776367,4.552000045776367,4.5279998779296875,4.5279998779296875,4.51200008392334,3.7639999389648438,3.747999906539917,3.752000093460083,5.079999923706055,inf,inf,inf,inf,inf,inf,inf,inf,inf,inf,inf,inf,inf,inf,inf,inf,inf,inf,inf,inf,inf,inf,inf,1.777999997138977,1.777999997138977,1.7719999551773071,1.7519999742507935,1.7480000257492065,1.7380000352859497,1.7339999675750732,1.7239999771118164,1.718000054359436,1.7100000381469727,1.7079999446868896,1.694000005722046,1.6859999895095825,1.6779999732971191,1.6779999732971191,inf,1.6759999990463257,1.6759999990463257,1.6699999570846558,1.6699999570846558,1.6640000343322754,1.6519999504089355,1.649999976158142,1.6480000019073486,1.6440000534057617,1.6419999599456787,1.6360000371932983,1.6319999694824219,1.6299999952316284,1.6260000467300415,1.6239999532699585,1.621999979019165,1.6200000047683716,1.6160000562667847,1.6119999885559082,1.6119999885559082,1.6100000143051147,1.6100000143051147,1.6059999465942383,1.6039999723434448,1.593999981880188,1.5820000171661377,1.5479999780654907,1.5299999713897705,1.496000051498413,1.4780000448226929,1.444000005722046,1.4279999732971191,1.3980000019073486,1.3819999694824219,1.3519999980926514,1.3259999752044678,1.3140000104904175,1.2999999523162842,1.2740000486373901,1.25,1.2380000352859497,1.215999960899353,1.2059999704360962,1.184000015258789,1.1740000247955322,1.1540000438690186,1.1440000534057617,1.1299999952316284,1.1200000047683716,1.1039999723434448,1.0959999561309814,1.0839999914169312,1.0779999494552612,1.0880000591278076,1.0859999656677246,inf,inf,inf,inf,inf,1.0360000133514404,1.0360000133514404,1.0399999618530273,1.0399999618530273,1.0440000295639038,1.0479999780654907,1.0460000038146973,1.0479999780654907,1.0479999780654907,1.0479999780654907,1.0479999780654907,1.0479999780654907,1.0479999780654907,1.0440000295639038,1.0460000038146973,1.0460000038146973,1.0479999780654907,1.0499999523162842,1.0520000457763672,1.0520000457763672,1.0499999523162842,1.0499999523162842,1.0499999523162842,1.0520000457763672,1.0520000457763672,1.0520000457763672,1.0540000200271606,1.055999994277954,1.0579999685287476,1.0579999685287476,1.062000036239624,1.062000036239624,1.065999984741211,1.0679999589920044,1.065999984741211,1.065999984741211,1.059999942779541,inf,inf,inf,inf,inf,inf,inf,inf,1.1200000047683716,1.1200000047683716,1.1100000143051147,1.1100000143051147,1.1039999723434448,1.1059999465942383,1.1100000143051147,1.1119999885559082,1.1160000562667847,1.1260000467300415,1.1260000467300415,1.1319999694824219,
-3.1241393089294434,3.1415927410125732,0.008714509196579456,0.15000000596046448,12.0,1696619338527418097,5.1519999504089355,5.104000091552734,5.119999885559082,5.136000156402588,5.168000221252441,5.159999847412109,5.216000080108643,8.272000312805176,8.303999900817871,8.336000442504883,8.368000030517578,8.37600040435791,inf,inf,inf,inf,inf,inf,inf,8.968000411987305,8.968000411987305,5.679999828338623,5.679999828338623,5.688000202178955,5.688000202178955,inf,inf,inf,inf,inf,inf,inf,inf,inf,inf,inf,inf,inf,inf,2.171999931335449,2.171999931335449,2.171999931335449,2.171999931335449,inf,1.5520000457763672,1.5520000457763672,1.5379999876022339,1.5379999876022339,1.5160000324249268,1.5160000324249268,inf,inf,inf,inf,inf,inf,inf,inf,inf,inf,inf,inf,0.13500000536441803,0.13500000536441803,0.13500000536441803,0.13500000536441803,0.1340000033378601,0.13199999928474426,2.624000072479248,2.624000072479248,inf,inf,inf,inf,inf,inf,inf,inf,2.868000030517578,2.868000030517578,2.871999979019165,2.888000011444092,inf,inf,inf,inf,inf,inf,inf,inf,inf,inf,inf,inf,inf,inf,inf,inf,2.9240000247955322,2.9240000247955322,inf,inf,inf,inf,inf,inf,3.492000102996826,3.492000102996826,3.5399999618530273,3.5399999618530273,3.628000020980835,3.696000099182129,3.7960000038146973,3.815999984741211,3.808000087738037,3.7920000553131104,3.7760000228881836,3.7320001125335693,3.7360000610351562,3.7039999961853027,3.684000015258789,3.6559998989105225,3.6559998989105225,3.5880000591278076,3.5999999046325684,3.5840001106262207,3.572000026702881,3.555999994277954,3.5439999103546143,3.5199999809265137,3.51200008392334,2.740000009536743,2.6679999828338623,2.615999937057495,2.615999937057495,2.619999885559082,2.6040000915527344,2.5959999561309814,2.5880000591278076,inf,inf,inf,inf,inf,inf,inf,1.8799999952316284,1.8799999952316284,1.8839999437332153,1.8760000467300415,1.871999979019165,1.878000020980835,1.8799999952316284,1.8760000467300415,1.8760000467300415,1.878000020980835,1.8799999952316284,inf,inf,inf,inf,inf,inf,inf,inf,inf,inf,inf,inf,inf,inf,inf,inf,inf,inf,inf,inf,inf,inf,inf,inf,inf,inf,inf,inf,inf,inf,3.196000099182129,3.196000099182129,inf,inf,3.200000047683716,3.200000047683716,3.1600000858306885,3.1600000858306885,3.128000020980835,3.072000026702881,3.055999994277954,3.055999994277954,3.1080000400543213,3.880000114440918,3.8919999599456787,3.8919999599456787,3.9079999923706055,3.9240000247955322,3.940000057220459,3.9600000381469727,3.996000051498413,4.01200008392334,4.0320000648498535,4.047999858856201,4.079999923706055,4.0879998207092285,inf,inf,inf,inf,inf,inf,inf,inf,inf,inf,inf,inf,inf,inf,inf,inf,inf,inf,inf,inf,inf,inf,inf,inf,inf,inf,inf,inf,inf,inf,1.5779999494552612,1.5779999494552612,inf,inf,1.6080000400543213,1.6080000400543213,1.6180000305175781,1.6180000305175781,inf,2.747999906539917,2.747999906539917,2.74399995803833,2.74399995803833,inf,inf,inf,inf,2.496000051498413,2.496000051498413,2.4719998836517334,2.4719998836517334,2.4679999351501465,2.48799991607666,2.687999963760376,2.687999963760376,2.6559998989105225,2.640000104904175,2.619999885559082,2.615999937057495,2.628000020980835,3.799999952316284,inf,inf,4.895999908447266,4.895999908447266,inf,4.920000076293945,4.920000076293945,4.823999881744385,inf,inf,inf,inf,inf,inf,inf,inf,inf,inf,inf,5.855999946594238,5.855999946594238,4.74399995803833,4.74399995803833,6.464000225067139,6.464000225067139,0.1340000033378601,0.13199999928474426,6.3520002365112305,inf,inf,inf,inf,inf,inf,inf,inf,inf,6.271999835968018,6.271999835968018,6.263999938964844,inf,inf,inf,inf,inf,inf,2.1600000858306885,2.1600000858306885,2.124000072479248,2.124000072479248,2.068000078201294,2.0420000553131104,1.9919999837875366,1.9739999771118164,1.9500000476837158,1.944000005722046,1.934000015258789,1.9259999990463257,1.9199999570846558,1.9179999828338623,1.909999966621399,1.909999966621399,1.9040000438690186,1.9019999504089355,1.8919999599456787,1.8880000114440918,1.8799999952316284,1.878000020980835,1.8700000047683716,1.8660000562667847,1.8639999628067017,1.8600000143051147,1.8619999885559082,1.8580000400543213,1.8539999723434448,1.8519999980926514,1.8459999561309814,1.8480000495910645,1.8459999561309814,1.843999981880188,1.840000033378601,1.8380000591278076,1.8359999656677246,1.8339999914169312,1.8300000429153442,1.8279999494552612,1.8259999752044678,1.8279999494552612,1.8259999752044678,1.8259999752044678,1.8240000009536743,1.8420000076293945,1.8760000467300415,1.9639999866485596,2.00600004196167,2.053999900817871,2.1600000858306885,2.2160000801086426,2.3440001010894775,2.380000114440918,2.436000108718872,2.447999954223633,2.4639999866485596,2.4600000381469727,2.4679999351501465,2.48799991607666,2.496000051498413,2.503999948501587,2.503999948501587,inf,inf,inf,inf,inf,inf,2.619999885559082,2.619999885559082,2.635999917984009,2.635999917984009,2.6440000534057617,2.6480000019073486,2.6559998989105225,2.671999931335449,2.696000099182129,7.6479997634887695,7.6479997634887695,7.696000099182129,inf,inf,inf,inf,inf,7.544000148773193,7.544000148773193,7.544000148773193,7.519999980926514,7.4720001220703125,7.4079999923706055,7.328000068664551,7.311999797821045,7.223999977111816,7.144000053405762,7.064000129699707,7.056000232696533,6.943999767303467,6.9120001792907715,6.800000190734863,6.728000164031982,6.679999828338623,6.616000175476074,6.440000057220459,6.4079999923706055,6.360000133514404,6.360000133514404,inf,inf,inf,inf,inf,inf,inf,inf,inf,inf,5.248000144958496,5.248000144958496,4.019999980926514,4.019999980926514,4.0279998779296875,inf,3.8559999465942383,3.8559999465942383,3.01200008392334,3.01200008392334,inf,inf,5.535999774932861,5.535999774932861,inf,inf,inf,inf,4.927999973297119,4.927999973297119,4.935999870300293,5.607999801635742,5.567999839782715,5.567999839782715,inf,inf,inf,inf,inf,5.880000114440918,5.880000114440918,inf,inf,inf,inf,inf,inf,inf,1.812000036239624,1.812000036239624,1.7680000066757202,1.753999948501587,1.746000051498413,1.753999948501587,1.7699999809265137,1.7740000486373901,2.4600000381469727,2.4600000381469727,2.447999954223633,2.436000108718872,1.590000033378601,1.590000033378601,1.5700000524520874,1.562000036239624,1.5679999589920044,1.5759999752044678,1.5839999914169312,1.5980000495910645,1.6239999532699585,2.4679999351501465,2.4560000896453857,2.4560000896453857,2.436000108718872,2.440000057220459,2.447999954223633,5.440000057220459,5.440000057220459,5.415999889373779,5.368000030517578,5.3520002365112305,inf,inf,inf,inf,inf,inf,inf,inf,inf,inf,inf,inf,inf,inf,inf,inf,inf,inf,inf,inf,inf,inf,inf,inf,inf,4.019999980926514,4.019999980926514,4.199999809265137,4.184000015258789,inf,inf,inf,inf,5.76800012588501,5.76800012588501,5.808000087738037,5.808000087738037,5.760000228881836,5.783999919891357,4.679999828338623,4.679999828338623,inf,inf,inf,inf,inf,inf,inf,inf,inf,inf,3.819999933242798,3.819999933242798,3.7960000038146973,3.808000087738037,5.136000156402588,5.0960001945495605,5.0960001945495605,inf,inf,inf,inf,inf,inf,inf,inf,inf,inf,inf,inf,inf,inf,inf,inf,inf,inf,inf,inf,inf,1.8300000429153442,1.8300000429153442,1.812000036239624,1.7999999523162842,1.7940000295639038,1.7879999876022339,1.7799999713897705,1.7719999551773071,1.7660000324249268,1.75600004196167,1.75,1.74399995803833,1.7259999513626099,1.722000002861023,inf,inf,1.7259999513626099,1.7259999513626099,1.715999960899353,1.715999960899353,1.7100000381469727,1.694000005722046,1.694000005722046,1.690000057220459,1.6859999895095825,1.6799999475479126,1.6759999990463257,1.6740000247955322,1.6740000247955322,1.6679999828338623,1.6679999828338623,1.6640000343322754,1.6619999408721924,1.6579999923706055,1.6579999923706055,1.656000018119812,1.6519999504089355,1.628000020980835,1.6119999885559082,1.590000033378601,1.5700000524520874,1.5299999713897705,1.5119999647140503,1.4759999513626099,1.4579999446868896,1.4240000247955322,1.4079999923706055,1.3739999532699585,1.3459999561309814,1.3320000171661377,1.3040000200271606,1.2920000553131104,1.2660000324249268,1.2519999742507935,1.2280000448226929,1.215999960899353,1.194000005722046,1.1820000410079956,1.1640000343322754,1.156000018119812,1.1360000371932983,1.1260000467300415,1.1080000400543213,1.1019999980926514,1.1139999628067017,1.0959999561309814,1.090000033378601,1.0920000076293945,1.0920000076293945,1.093999981880188,inf,inf,inf,inf,inf,inf,1.0640000104904175,1.0640000104904175,1.0640000104904175,1.0640000104904175,1.0720000267028809,1.0720000267028809,1.0700000524520874,1.0679999589920044,1.0720000267028809,1.0700000524520874,1.0740000009536743,1.0740000009536743,1.0740000009536743,1.0740000009536743,1.0740000009536743,1.0720000267028809,1.0700000524520874,1.0720000267028809,1.0720000267028809,1.0740000009536743,1.0759999752044678,1.0759999752044678,1.0759999752044678,1.0779999494552612,1.0779999494552612,1.0800000429153442,1.0820000171661377,1.0820000171661377,1.0820000171661377,1.0859999656677246,1.0859999656677246,1.0859999656677246,1.0880000591278076,1.0880000591278076,1.0880000591278076,1.0880000591278076,1.0839999914169312,1.0820000171661377,inf,inf,inf,inf,inf,inf,inf,inf,inf,1.1440000534057617,1.1440000534057617,1.1339999437332153,1.1339999437332153,1.1319999694824219,1.1380000114440918,inf,inf,5.263999938964844,5.263999938964844,
-3.1241393089294434,3.1415927410125732,0.008714509196579456,0.15000000596046448,12.0,1696619338662584561,5.111999988555908,5.104000091552734,5.119999885559082,5.136000156402588,5.168000221252441,5.159999847412109,8.288000106811523,inf,inf,8.343999862670898,8.343999862670898,inf,1.3480000495910645,1.3480000495910645,1.3459999561309814,8.736000061035156,8.736000061035156,8.67199993133545,8.67199993133545,8.86400032043457,8.86400032043457,5.6479997634887695,5.6479997634887695,5.671999931335449,5.671999931335449,inf,inf,inf,inf,inf,inf,inf,inf,inf,inf,inf,inf,2.128000020980835,2.128000020980835,2.140000104904175,2.1559998989105225,1.5119999647140503,1.49399995803833,1.49399995803833,inf,3.6640000343322754,3.6640000343322754,3.6480000019073486,3.6480000019073486,inf,inf,inf,inf,inf,inf,inf,inf,inf,inf,inf,inf,inf,0.13500000536441803,0.13500000536441803,2.5920000076293945,0.1340000033378601,2.5999999046325684,0.13199999928474426,2.6080000400543213,2.624000072479248,inf,inf,inf,inf,inf,inf,2.828000068664551,2.828000068664551,2.8320000171661377,2.8399999141693115,2.868000030517578,2.884000062942505,inf,inf,inf,inf,inf,inf,inf,inf,2.5160000324249268,2.5160000324249268,2.5160000324249268,2.5160000324249268,2.507999897003174,2.507999897003174,inf,inf,inf,inf,inf,inf,inf,inf,inf,inf,3.568000078201294,3.568000078201294,inf,inf,3.5759999752044678,3.5759999752044678,3.563999891281128,3.563999891281128,3.559999942779541,3.555999994277954,3.5439999103546143,3.5280001163482666,3.5239999294281006,3.51200008392334,3.496000051498413,3.48799991607666,3.4800000190734863,3.4760000705718994,3.4760000705718994,3.4639999866485596,3.4600000381469727,3.4519999027252197,3.447999954223633,2.6640000343322754,2.6679999828338623,2.6679999828338623,2.5759999752044678,2.5759999752044678,2.5880000591278076,2.572000026702881,2.5439999103546143,2.5360000133514404,1.9420000314712524,1.9420000314712524,1.9220000505447388,inf,inf,inf,inf,inf,inf,inf,inf,inf,inf,inf,inf,inf,inf,inf,inf,inf,inf,inf,inf,inf,inf,inf,inf,inf,inf,inf,inf,inf,inf,inf,inf,inf,inf,inf,inf,inf,inf,3.5399999618530273,3.5399999618530273,3.555999994277954,3.563999891281128,inf,inf,inf,inf,3.0920000076293945,3.0920000076293945,3.131999969482422,3.131999969482422,3.1600000858306885,3.1600000858306885,3.1440000534057617,3.1440000534057617,3.0920000076293945,3.063999891281128,3.0160000324249268,2.9839999675750732,3.0799999237060547,3.0799999237060547,3.8239998817443848,3.8239998817443848,3.8359999656677246,3.8519999980926514,3.864000082015991,3.888000011444092,3.8959999084472656,3.9240000247955322,3.940000057220459,3.9760000705718994,3.992000102996826,4.015999794006348,4.0279998779296875,4.039999961853027,inf,inf,inf,inf,inf,2.7960000038146973,2.7960000038146973,2.7639999389648438,inf,inf,inf,inf,inf,inf,inf,inf,inf,inf,inf,inf,inf,inf,inf,inf,inf,inf,inf,inf,inf,inf,inf,inf,inf,inf,1.5759999752044678,1.5759999752044678,1.5880000591278076,1.5880000591278076,inf,2.696000099182129,2.696000099182129,2.700000047683716,2.700000047683716,2.7079999446868896,inf,inf,inf,2.440000057220459,2.440000057220459,2.431999921798706,2.431999921798706,2.427999973297119,2.440000057220459,2.631999969482422,2.631999969482422,2.6040000915527344,2.6040000915527344,2.5840001106262207,2.5759999752044678,2.5959999561309814,2.624000072479248,3.799999952316284,inf,inf,4.751999855041504,4.751999855041504,4.751999855041504,4.71999979019165,inf,inf,inf,inf,inf,inf,inf,inf,inf,inf,5.823999881744385,5.823999881744385,4.703999996185303,4.703999996185303,0.13500000536441803,0.13500000536441803,0.1340000033378601,0.13300000131130219,0.13300000131130219,6.239999771118164,inf,inf,4.872000217437744,4.872000217437744,4.863999843597412,4.863999843597412,inf,inf,inf,6.311999797821045,6.311999797821045,inf,inf,inf,inf,inf,inf,inf,2.303999900817871,2.303999900817871,2.2679998874664307,2.2079999446868896,2.180000066757202,2.124000072479248,2.0959999561309814,2.0480000972747803,2.002000093460083,1.9800000190734863,1.9459999799728394,1.9359999895095825,1.9240000247955322,1.9199999570846558,1.9160000085830688,1.909999966621399,1.9079999923706055,1.9040000438690186,1.9019999504089355,1.8940000534057617,1.8860000371932983,1.8819999694824219,1.8799999952316284,1.871999979019165,1.8700000047683716,1.8619999885559082,1.8600000143051147,1.8580000400543213,1.8600000143051147,1.8559999465942383,1.8539999723434448,1.8539999723434448,1.8539999723434448,1.8480000495910645,1.8480000495910645,1.8380000591278076,1.840000033378601,1.8359999656677246,1.8339999914169312,1.8339999914169312,1.8320000171661377,1.8300000429153442,1.8279999494552612,1.8259999752044678,1.8279999494552612,1.8259999752044678,1.8259999752044678,1.8259999752044678,1.8259999752044678,1.9019999504089355,1.9479999542236328,1.996000051498413,2.111999988555908,2.1760001182556152,inf,2.4639999866485596,2.4639999866485596,2.4560000896453857,2.4639999866485596,2.4679999351501465,2.4719998836517334,2.492000102996826,inf,inf,inf,inf,inf,inf,inf,2.5880000591278076,2.5880000591278076,2.5999999046325684,2.611999988555908,2.619999885559082,2.6440000534057617,2.6440000534057617,2.6600000858306885,2.6679999828338623,2.700000047683716,2.7119998931884766,inf,inf,inf,inf,inf,inf,7.544000148773193,7.544000148773193,7.584000110626221,7.703999996185303,7.519999980926514,7.480000019073486,7.368000030517578,7.328000068664551,7.23199987411499,7.191999912261963,7.104000091552734,7.0879998207092285,7.0320000648498535,7.0,6.920000076293945,inf,inf,inf,inf,inf,inf,inf,inf,inf,inf,inf,inf,inf,inf,inf,inf,inf,inf,inf,inf,inf,inf,inf,inf,inf,inf,inf,inf,inf,inf,inf,inf,inf,inf,inf,5.0320000648498535,5.0320000648498535,5.0,5.0,inf,inf,inf,inf,inf,inf,5.9039998054504395,5.9039998054504395,5.863999843597412,5.863999843597412,inf,inf,inf,inf,inf,inf,inf,1.871999979019165,1.871999979019165,1.8459999561309814,1.8320000171661377,1.8140000104904175,1.8179999589920044,1.8320000171661377,1.8380000591278076,1.8420000076293945,2.496000051498413,2.496000051498413,2.48799991607666,1.6200000047683716,1.6200000047683716,1.6039999723434448,1.6019999980926514,1.6119999885559082,1.6160000562667847,1.621999979019165,1.6239999532699585,2.5160000324249268,2.5160000324249268,2.5199999809265137,2.51200008392334,2.5,2.5,inf,inf,inf,inf,inf,inf,inf,inf,inf,inf,inf,inf,inf,inf,inf,inf,inf,inf,inf,inf,inf,inf,inf,inf,inf,inf,inf,inf,4.056000232696533,4.056000232696533,4.056000232696533,4.072000026702881,4.248000144958496,inf,inf,inf,inf,inf,5.840000152587891,5.840000152587891,5.8480000495910645,5.8480000495910645,5.9039998054504395,3.4639999866485596,4.74399995803833,4.74399995803833,4.736000061035156,4.736000061035156,inf,inf,4.400000095367432,4.400000095367432,inf,inf,3.888000011444092,3.888000011444092,3.880000114440918,3.880000114440918,3.880000114440918,inf,inf,inf,inf,inf,inf,inf,inf,inf,inf,inf,inf,inf,inf,inf,inf,inf,inf,inf,inf,inf,inf,inf,1.8739999532699585,1.8739999532699585,1.8660000562667847,1.8660000562667847,1.8459999561309814,1.8420000076293945,1.8339999914169312,1.8279999494552612,1.8140000104904175,1.812000036239624,1.8079999685287476,1.8020000457763672,1.7979999780654907,1.7799999713897705,1.7719999551773071,1.7719999551773071,inf,inf,1.7680000066757202,1.7680000066757202,1.7619999647140503,1.7519999742507935,1.7480000257492065,1.7400000095367432,1.7380000352859497,1.7300000190734863,1.7280000448226929,1.7200000286102295,1.7200000286102295,1.715999960899353,1.7139999866485596,1.7120000123977661,1.7100000381469727,1.7039999961853027,1.7039999961853027,1.7020000219345093,1.6979999542236328,1.659999966621399,1.6380000114440918,1.593999981880188,1.5720000267028809,1.527999997138977,1.5099999904632568,1.472000002861023,1.4539999961853027,1.4179999828338623,1.4019999504089355,1.371999979019165,1.3539999723434448,1.3259999752044678,1.312000036239624,1.281999945640564,1.25600004196167,1.2419999837875366,1.2300000190734863,1.2059999704360962,1.184000015258789,1.1740000247955322,1.1540000438690186,1.1440000534057617,1.1440000534057617,1.1419999599456787,1.128000020980835,1.1260000467300415,1.1260000467300415,1.121999979019165,1.1160000562667847,1.1160000562667847,1.1160000562667847,1.1180000305175781,1.1200000047683716,inf,inf,inf,inf,inf,inf,inf,1.0880000591278076,1.0880000591278076,1.090000033378601,1.093999981880188,1.100000023841858,1.100000023841858,1.1019999980926514,1.100000023841858,1.0980000495910645,1.0959999561309814,1.0959999561309814,1.0959999561309814,1.0980000495910645,1.0980000495910645,1.0959999561309814,1.0980000495910645,1.0980000495910645,1.0980000495910645,1.100000023841858,1.1019999980926514,1.1019999980926514,1.1019999980926514,1.1039999723434448,1.1039999723434448,1.1039999723434448,1.1039999723434448,1.1039999723434448,1.1019999980926514,1.1059999465942383,1.1059999465942383,1.1080000400543213,1.1100000143051147,1.1100000143051147,1.1119999885559082,1.1100000143051147,1.1059999465942383,1.1059999465942383,inf,inf,inf,inf,inf,inf,inf,inf,inf,2.9200000762939453,2.9200000762939453,inf,inf,inf,inf,inf,5.400000095367432,5.400000095367432,5.248000144958496,
-3.1241393089294434,3.1415927410125732,0.008714509196579456,0.15000000596046448,12.0,1696619338797682304,5.111999988555908,5.104000091552734,5.168000221252441,8.248000144958496,8.248000144958496,inf,1.3459999561309814,1.3459999561309814,1.340000033378601,1.340000033378601,1.3700000047683716,1.3860000371932983,inf,8.727999687194824,8.727999687194824,8.583999633789062,8.583999633789062,8.696000099182129,8.696000099182129,8.751999855041504,8.815999984741211,5.607999801635742,5.6479997634887695,5.656000137329102,inf,inf,inf,inf,inf,inf,inf,inf,2.115999937057495,2.115999937057495,2.111999988555908,2.111999988555908,2.115999937057495,inf,1.4700000286102295,1.4700000286102295,1.4639999866485596,3.75600004196167,3.75600004196167,3.7079999446868896,3.7079999446868896,3.7039999961853027,3.6760001182556152,3.6760001182556152,inf,inf,inf,inf,inf,inf,inf,inf,inf,inf,inf,2.5880000591278076,2.5880000591278076,inf,0.13500000536441803,0.13500000536441803,2.5280001163482666,0.13500000536441803,0.13300000131130219,0.13199999928474426,0.13199999928474426,inf,inf,inf,inf,2.803999900817871,2.803999900817871,2.799999952316284,2.799999952316284,2.799999952316284,2.819999933242798,2.828000068664551,2.8480000495910645,inf,inf,inf,inf,inf,inf,inf,inf,inf,inf,inf,2.812000036239624,2.812000036239624,2.628000020980835,2.628000020980835,2.8239998817443848,inf,inf,inf,inf,inf,inf,inf,inf,inf,3.496000051498413,3.496000051498413,3.5320000648498535,inf,3.5160000324249268,3.5160000324249268,3.507999897003174,3.5,3.492000102996826,3.4800000190734863,3.4719998836517334,3.4560000896453857,3.4519999027252197,3.444000005722046,3.444000005722046,3.440000057220459,3.436000108718872,3.431999921798706,3.427999973297119,3.4240000247955322,3.4200000762939453,3.4119999408721924,2.6040000915527344,2.6040000915527344,2.611999988555908,2.51200008392334,2.5320000648498535,2.5439999103546143,2.507999897003174,2.4839999675750732,2.4760000705718994,2.4700000286102295,inf,inf,inf,inf,inf,inf,inf,inf,inf,inf,1.7480000257492065,1.7480000257492065,1.746000051498413,1.746000051498413,1.75,1.753999948501587,1.7599999904632568,1.7680000066757202,1.781999945640564,1.781999945640564,1.7920000553131104,1.7920000553131104,1.8040000200271606,inf,inf,inf,inf,inf,inf,inf,inf,inf,inf,inf,inf,inf,inf,inf,inf,inf,inf,inf,inf,inf,inf,inf,inf,inf,inf,3.01200008392334,3.01200008392334,3.0239999294281006,3.0239999294281006,3.0280001163482666,3.0280001163482666,3.072000026702881,3.072000026702881,3.0959999561309814,3.003999948501587,2.9800000190734863,2.947999954223633,2.927999973297119,3.0239999294281006,3.0160000324249268,3.7639999389648438,3.7799999713897705,3.7799999713897705,3.799999952316284,3.808000087738037,3.8359999656677246,3.8440001010894775,3.871999979019165,3.884000062942505,3.9040000438690186,3.9200000762939453,3.9560000896453857,3.9679999351501465,inf,inf,inf,inf,inf,inf,inf,inf,inf,inf,inf,inf,inf,inf,inf,inf,inf,inf,inf,inf,inf,inf,inf,inf,inf,inf,inf,inf,inf,inf,inf,inf,inf,inf,inf,inf,inf,inf,1.531999945640564,1.531999945640564,1.5379999876022339,1.5379999876022339,inf,2.6600000858306885,2.6600000858306885,inf,inf,inf,inf,inf,inf,2.3959999084472656,2.3959999084472656,2.384000062942505,2.375999927520752,2.3959999084472656,2.5759999752044678,2.559999942779541,2.559999942779541,2.5439999103546143,2.5360000133514404,2.5399999618530273,2.5840001106262207,inf,4.464000225067139,4.464000225067139,inf,inf,inf,inf,inf,inf,inf,inf,inf,inf,inf,inf,inf,inf,5.776000022888184,5.776000022888184,0.13600000739097595,4.664000034332275,0.1340000033378601,0.1340000033378601,0.13199999928474426,inf,inf,inf,inf,inf,4.855999946594238,4.855999946594238,3.74399995803833,3.74399995803833,inf,inf,inf,inf,inf,inf,inf,inf,inf,inf,2.4079999923706055,2.4079999923706055,2.371999979019165,2.3440001010894775,2.2880001068115234,2.25600004196167,2.2039999961853027,2.1760001182556152,2.124000072479248,2.0999999046325684,2.053999900817871,2.0320000648498535,1.9859999418258667,1.9700000286102295,1.9299999475479126,1.9259999990463257,1.9160000085830688,1.9119999408721924,1.9019999504089355,1.899999976158142,1.8960000276565552,1.8919999599456787,1.8839999437332153,1.8819999694824219,1.8739999532699585,1.871999979019165,1.8660000562667847,1.8660000562667847,1.8600000143051147,1.8580000400543213,1.8600000143051147,1.8580000400543213,1.8539999723434448,1.8519999980926514,1.850000023841858,1.850000023841858,1.8459999561309814,1.8459999561309814,1.8420000076293945,1.8359999656677246,1.8380000591278076,1.8359999656677246,1.8380000591278076,1.8359999656677246,1.8320000171661377,1.8320000171661377,1.8320000171661377,1.8320000171661377,1.8320000171661377,1.8339999914169312,1.8320000171661377,1.8320000171661377,1.8359999656677246,1.8700000047683716,1.9279999732971191,inf,2.447999954223633,2.447999954223633,2.447999954223633,2.447999954223633,2.4639999866485596,2.4800000190734863,2.51200008392334,inf,inf,inf,inf,inf,inf,2.559999942779541,2.559999942779541,2.5759999752044678,2.5840001106262207,2.6040000915527344,2.615999937057495,2.631999969482422,2.635999917984009,2.6519999504089355,2.6640000343322754,2.687999963760376,2.7039999961853027,2.7320001125335693,2.740000009536743,2.740000009536743,inf,inf,inf,7.639999866485596,7.639999866485596,7.559999942779541,7.559999942779541,7.48799991607666,7.48799991607666,7.415999889373779,7.368000030517578,7.288000106811523,7.25600004196167,7.199999809265137,7.072000026702881,7.064000129699707,7.015999794006348,6.97599983215332,6.791999816894531,inf,inf,inf,inf,inf,inf,inf,inf,inf,inf,inf,inf,3.364000082015991,3.364000082015991,3.3440001010894775,3.3440001010894775,3.3399999141693115,inf,inf,inf,inf,inf,inf,inf,inf,inf,inf,inf,inf,inf,inf,inf,inf,inf,inf,inf,inf,inf,inf,inf,inf,inf,inf,inf,inf,5.984000205993652,5.984000205993652,inf,inf,inf,inf,inf,inf,inf,inf,inf,1.9160000085830688,1.9160000085830688,1.8919999599456787,1.8919999599456787,1.871999979019165,1.8760000467300415,1.8860000371932983,1.8919999599456787,1.8940000534057617,1.6820000410079956,1.6820000410079956,1.6820000410079956,1.659999966621399,1.6519999504089355,1.6480000019073486,1.649999976158142,1.6619999408721924,1.6679999828338623,1.7020000219345093,2.572000026702881,2.572000026702881,2.5759999752044678,2.568000078201294,2.559999942779541,2.563999891281128,2.559999942779541,inf,inf,inf,inf,inf,inf,inf,inf,inf,inf,inf,inf,inf,inf,inf,inf,inf,inf,inf,inf,inf,inf,inf,inf,inf,inf,4.111999988555908,4.111999988555908,4.119999885559082,4.119999885559082,4.168000221252441,4.28000020980835,inf,inf,inf,inf,5.9039998054504395,5.9039998054504395,5.895999908447266,5.895999908447266,5.952000141143799,3.563999891281128,inf,inf,3.628000020980835,3.628000020980835,inf,inf,inf,inf,inf,inf,4.696000099182129,4.696000099182129,3.9519999027252197,3.9519999027252197,3.9519999027252197,inf,inf,inf,inf,inf,inf,inf,inf,inf,inf,inf,inf,inf,inf,inf,inf,inf,inf,inf,inf,inf,inf,inf,1.9259999990463257,1.9259999990463257,1.9119999408721924,1.9119999408721924,1.899999976158142,1.8880000114440918,1.878000020980835,1.8739999532699585,1.8700000047683716,1.8600000143051147,1.8580000400543213,1.8480000495910645,1.840000033378601,1.8259999752044678,1.8179999589920044,1.812000036239624,inf,inf,1.809999942779541,1.809999942779541,1.805999994277954,1.7979999780654907,1.7899999618530273,1.781999945640564,1.781999945640564,1.7740000486373901,1.7719999551773071,1.7680000066757202,1.7619999647140503,1.7599999904632568,1.7580000162124634,1.7580000162124634,1.7519999742507935,1.7519999742507935,1.690000057220459,1.690000057220459,1.6660000085830688,1.6419999599456787,1.5980000495910645,1.5740000009536743,1.531999945640564,1.4919999837875366,1.472000002861023,1.434000015258789,1.4160000085830688,1.3819999694824219,1.3660000562667847,1.3339999914169312,1.3179999589920044,1.2879999876022339,1.2719999551773071,1.2480000257492065,1.2339999675750732,1.2079999446868896,1.1959999799728394,1.1779999732971191,1.184000015258789,1.1679999828338623,1.1660000085830688,1.1619999408721924,1.1619999408721924,1.156000018119812,1.1519999504089355,1.149999976158142,1.1480000019073486,1.1440000534057617,1.1440000534057617,1.1419999599456787,1.1440000534057617,1.1440000534057617,1.1480000019073486,inf,inf,inf,inf,inf,inf,inf,1.1139999628067017,1.1139999628067017,1.1160000562667847,1.1200000047683716,1.121999979019165,1.1200000047683716,1.121999979019165,1.121999979019165,1.121999979019165,1.121999979019165,1.121999979019165,1.1200000047683716,1.121999979019165,1.1239999532699585,1.121999979019165,1.121999979019165,1.1239999532699585,1.1239999532699585,1.1239999532699585,1.1239999532699585,1.1239999532699585,1.121999979019165,1.121999979019165,1.121999979019165,1.1239999532699585,1.1260000467300415,1.1260000467300415,1.128000020980835,1.128000020980835,1.1299999952316284,1.1339999437332153,1.1319999694824219,1.1339999437332153,1.1380000114440918,1.1360000371932983,1.1339999437332153,1.1299999952316284,inf,inf,inf,inf,inf,inf,inf,inf,inf,inf,5.736000061035156,5.736000061035156,5.696000099182129,5.696000099182129,5.584000110626221,5.584000110626221,5.464000225067139,5.191999912261963,5.119999885559082,
-3.1241393089294434,3.1415927410125732,0.008714509196579456,0.15000000596046448,12.0,1696619338932974675,5.176000118255615,5.127999782562256,1.3359999656677246,1.340000033378601,1.340000033378601,1.3839999437332153,1.3839999437332153,inf,inf,inf,inf,8.46399974822998,8.46399974822998,8.704000473022461,8.704000473022461,8.687999725341797,8.687999725341797,8.680000305175781,8.760000228881836,8.824000358581543,5.631999969482422,5.624000072479248,inf,inf,inf,inf,inf,1.4559999704360962,1.4559999704360962,inf,2.124000072479248,2.124000072479248,2.1040000915527344,1.434000015258789,1.434000015258789,1.437999963760376,1.437999963760376,inf,inf,5.25600004196167,5.25600004196167,3.7760000228881836,3.7239999771118164,3.6600000858306885,3.6600000858306885,3.6519999504089355,3.6519999504089355,inf,inf,inf,inf,inf,inf,inf,inf,inf,inf,inf,inf,inf,inf,inf,inf,inf,0.13600000739097595,0.13600000739097595,0.1340000033378601,0.13199999928474426,inf,inf,inf,2.8239998817443848,2.8239998817443848,2.7760000228881836,2.7760000228881836,2.7679998874664307,2.7839999198913574,2.803999900817871,2.815999984741211,4.0879998207092285,4.0879998207092285,4.076000213623047,inf,inf,inf,inf,inf,inf,inf,2.7720000743865967,2.7720000743865967,inf,inf,2.7960000038146973,2.7960000038146973,inf,inf,inf,inf,inf,inf,inf,inf,inf,inf,inf,inf,inf,3.48799991607666,3.48799991607666,3.4800000190734863,3.4679999351501465,3.447999954223633,3.444000005722046,3.436000108718872,3.431999921798706,3.4240000247955322,3.4200000762939453,3.4079999923706055,3.4000000953674316,3.3959999084472656,3.3919999599456787,3.380000114440918,3.371999979019165,3.368000030517578,3.359999895095825,3.3480000495910645,3.3399999141693115,2.563999891281128,2.563999891281128,2.5360000133514404,2.4760000705718994,2.492000102996826,2.4679999351501465,2.431999921798706,2.4240000247955322,1.8259999752044678,1.8040000200271606,1.8040000200271606,inf,inf,inf,inf,inf,inf,inf,inf,inf,inf,inf,inf,inf,inf,inf,inf,inf,inf,inf,inf,inf,inf,inf,inf,inf,inf,inf,inf,inf,inf,inf,inf,inf,inf,inf,inf,inf,inf,inf,inf,inf,3.4200000762939453,3.4200000762939453,inf,inf,inf,inf,inf,inf,2.936000108718872,2.936000108718872,2.9719998836517334,2.996000051498413,2.996000051498413,3.01200008392334,3.0239999294281006,3.01200008392334,3.01200008392334,2.944000005722046,2.9119999408721924,2.868000030517578,2.8480000495910645,2.9679999351501465,2.9679999351501465,3.696000099182129,3.696000099182129,3.7079999446868896,3.7360000610351562,3.747999906539917,3.7760000228881836,3.7920000553131104,3.819999933242798,3.8320000171661377,3.8559999465942383,3.868000030517578,3.8919999599456787,3.9000000953674316,inf,inf,inf,inf,inf,inf,inf,inf,inf,inf,inf,inf,inf,inf,inf,inf,inf,inf,inf,inf,inf,inf,inf,inf,inf,inf,inf,inf,inf,inf,inf,inf,inf,inf,inf,inf,inf,inf,inf,inf,inf,2.6040000915527344,2.6040000915527344,2.5959999561309814,2.5840001106262207,inf,inf,inf,inf,inf,inf,2.3480000495910645,2.3480000495910645,2.3399999141693115,2.3399999141693115,2.3320000171661377,2.3359999656677246,2.5399999618530273,2.5399999618530273,2.5320000648498535,2.5199999809265137,2.496000051498413,2.496000051498413,2.5399999618530273,inf,inf,inf,inf,inf,inf,inf,inf,inf,inf,inf,inf,inf,inf,inf,inf,5.736000061035156,5.736000061035156,0.13600000739097595,0.1340000033378601,0.13199999928474426,4.639999866485596,4.631999969482422,inf,inf,6.320000171661377,6.320000171661377,inf,inf,inf,inf,inf,inf,inf,inf,inf,inf,inf,inf,inf,inf,inf,2.431999921798706,2.431999921798706,2.4040000438690186,2.4040000438690186,2.375999927520752,2.315999984741211,2.2920000553131104,2.2360000610351562,2.2160000801086426,2.1640000343322754,2.140000104904175,2.0959999561309814,2.072000026702881,2.0299999713897705,2.009999990463257,1.972000002861023,1.9539999961853027,1.9160000085830688,1.9119999408721924,1.906000018119812,1.9040000438690186,1.8940000534057617,1.8880000114440918,1.8819999694824219,1.878000020980835,1.871999979019165,1.8700000047683716,1.8680000305175781,1.8619999885559082,1.8619999885559082,1.8580000400543213,1.8559999465942383,1.8559999465942383,1.8519999980926514,1.8539999723434448,1.8559999465942383,1.8539999723434448,1.850000023841858,1.8480000495910645,1.8480000495910645,1.8459999561309814,1.8420000076293945,1.840000033378601,1.8420000076293945,1.8420000076293945,1.8380000591278076,1.8359999656677246,1.8339999914169312,1.8380000591278076,1.8359999656677246,1.8380000591278076,1.8420000076293945,1.840000033378601,1.8380000591278076,1.8420000076293945,1.8420000076293945,inf,inf,inf,inf,inf,inf,inf,inf,inf,inf,inf,2.555999994277954,2.555999994277954,2.572000026702881,2.572000026702881,2.572000026702881,2.572000026702881,2.5959999561309814,2.628000020980835,2.635999917984009,2.6480000019073486,2.6480000019073486,2.6640000343322754,2.6760001182556152,2.7079999446868896,2.7239999771118164,2.7360000610351562,2.747999906539917,2.75600004196167,inf,inf,inf,7.71999979019165,7.71999979019165,7.616000175476074,7.607999801635742,7.5920000076293945,7.464000225067139,7.415999889373779,7.343999862670898,7.303999900817871,7.239999771118164,7.176000118255615,7.056000232696533,6.984000205993652,6.9679999351501465,6.920000076293945,inf,inf,inf,inf,inf,inf,inf,inf,inf,inf,inf,inf,inf,inf,inf,3.4079999923706055,3.4079999923706055,3.3959999084472656,inf,inf,inf,inf,inf,inf,inf,inf,inf,inf,inf,inf,inf,inf,inf,inf,inf,5.072000026702881,5.072000026702881,inf,5.808000087738037,5.808000087738037,inf,inf,6.079999923706055,6.079999923706055,6.064000129699707,6.047999858856201,6.0,6.0,5.97599983215332,5.97599983215332,inf,inf,inf,2.7799999713897705,2.7799999713897705,2.7720000743865967,2.7720000743865967,2.7720000743865967,2.7660000324249268,1.6859999895095825,1.6859999895095825,1.6820000410079956,1.6820000410079956,1.6759999990463257,1.6720000505447388,1.6679999828338623,1.6759999990463257,1.6859999895095825,1.6979999542236328,1.7079999446868896,2.552000045776367,2.552000045776367,2.5439999103546143,2.5759999752044678,2.5840001106262207,2.5959999561309814,2.619999885559082,2.628000020980835,2.6440000534057617,2.628000020980835,2.611999988555908,2.619999885559082,inf,inf,inf,inf,inf,inf,inf,inf,inf,inf,inf,inf,inf,inf,inf,inf,inf,inf,inf,inf,inf,inf,inf,inf,4.176000118255615,4.176000118255615,inf,4.184000015258789,4.184000015258789,4.208000183105469,4.335999965667725,4.288000106811523,inf,inf,inf,inf,inf,5.9679999351501465,5.9679999351501465,5.943999767303467,5.960000038146973,5.984000205993652,4.9120001792907715,4.880000114440918,4.880000114440918,4.872000217437744,inf,4.535999774932861,4.535999774932861,4.567999839782715,4.567999839782715,inf,inf,4.0279998779296875,4.0279998779296875,4.0,inf,inf,inf,inf,inf,inf,inf,inf,inf,inf,inf,inf,inf,inf,inf,inf,inf,inf,inf,inf,inf,inf,inf,1.9739999771118164,1.9739999771118164,1.9700000286102295,1.9700000286102295,1.9459999799728394,1.940000057220459,1.9320000410079956,1.9240000247955322,1.9160000085830688,1.909999966621399,1.899999976158142,1.8940000534057617,1.8819999694824219,1.8760000467300415,1.8600000143051147,1.8600000143051147,inf,inf,1.8559999465942383,1.8559999465942383,1.850000023841858,1.8420000076293945,1.8320000171661377,1.8259999752044678,1.8240000009536743,1.8179999589920044,1.8140000104904175,1.809999942779541,1.8079999685287476,1.805999994277954,1.8040000200271606,1.7999999523162842,1.75,1.7419999837875366,1.715999960899353,1.6640000343322754,1.6380000114440918,1.590000033378601,1.5640000104904175,1.5199999809265137,1.5,1.4600000381469727,1.4220000505447388,1.4019999504089355,1.3680000305175781,1.350000023841858,1.315999984741211,1.2999999523162842,1.2719999551773071,1.2580000162124634,1.2319999933242798,1.2239999771118164,1.2239999771118164,1.2079999446868896,1.2039999961853027,1.2020000219345093,1.1959999799728394,1.194000005722046,1.187999963760376,1.1859999895095825,1.184000015258789,1.1820000410079956,1.1820000410079956,1.1799999475479126,1.1779999732971191,1.1759999990463257,1.1740000247955322,1.1699999570846558,1.1679999828338623,1.1679999828338623,1.1720000505447388,inf,inf,inf,inf,inf,inf,inf,1.1380000114440918,1.1380000114440918,1.1440000534057617,1.1460000276565552,1.1480000019073486,1.1480000019073486,1.1480000019073486,1.1480000019073486,1.149999976158142,1.1460000276565552,1.1460000276565552,1.1480000019073486,1.1480000019073486,1.1480000019073486,1.1440000534057617,1.1440000534057617,1.1419999599456787,1.1440000534057617,1.1440000534057617,1.1460000276565552,1.1440000534057617,1.1440000534057617,1.1440000534057617,1.1460000276565552,1.149999976158142,1.149999976158142,1.1519999504089355,1.1519999504089355,1.156000018119812,1.1579999923706055,1.159999966621399,1.159999966621399,1.1619999408721924,1.1579999923706055,1.1619999408721924,inf,inf,inf,inf,inf,inf,inf,inf,inf,inf,inf,inf,inf,inf,5.863999843597412,5.863999843597412,5.616000175476074,5.495999813079834,5.127999782562256,5.127999782562256,inf,
